567.7300831563036
3014.644009815226
1186.2668281990784
1620.4512730134013
234.79671940656033
41.78629607463069
190.1434691588988
498.85598662660067
9728.513043804065
2816.286213766839
4880.287458650922
31.754474961909196
788.0288365541554
686.4061048735937
72.68346461647424
304.56473255224824
1194.8086812276993
1447.826088068338
402.06302309009345
853.5883950191114
1011.7876467978792
2732.7108265398083
3460.8342267690496
1677.5528461810961
292.6979379283656
2529.4905337177374
5504.90173591438
5385.336981385514
12.918300021802498
2219.8990613774395
2126.747285271313
546.1326938151045
1892.202982825386
94.64309258225833
3926.6256941171027
3155.156668599024
161.36891478154558
979.26973214848
1603.6928140984562
1524.0963901374082
336.3488278177895
3264.794552966599
257.80583024018756
541.384190322447
649.4534147292175
1733.8207480409262
56.93988589386967
2505.382451749261
768.1450735162243
44.940714344499085
1007.4098820351152
2353.7087517119917
3626.5826380916355
221.43944758954427
437.35708641647886
719.1643473986709
59.93128055914454
197.79970445942263
456.7260485496716
353.5718186734482
336.1674557279981
3405.0384612366756
577.7380217798944
3421.2909990004705
4740.568087043117
448.55614754633064
3022.3709326451462
251.27289536662767
2414.5595345842485
144.22395096619357
8295.49607270451
72.59783169768497
522.0352524091143
314.4089144606399
1082.6842851142326
1583.6583904812574
126.85939309218242
1592.7944483601575
2404.78767312422
2970.006945119574
2967.753097772574
437.452819785511
407.11821674020985
9460.988332287689
5582.514380921477
5402.495899171211
1566.3047656465867
250.50664013595014
281.0203626618657
1199.8221703425015
5457.547768829885
3959.707261157663
9867.086967616047
149.64762600140347
7340.648517291615
335.0959205471238
906.0851691960581
2084.033742197522
127.78522546091908
129.02716045460895
2045.9929213482942
58.05195874971636
460.1052421838392
38.973592263358285
901.0651971289807
765.8795043518296
12455.136237313958
2551.6865381321586
191.95230110694573
1130.6995990159385
4921.231193031195
13.259014277300363
323.35982202249534
321.47209205578565
3313.5597784046176
898.4698118327028
52.92203753926028
1183.013401444899
5454.158966453426
3371.3164783389925
225.36522128455692
1306.1545296023326
223.6239213857738
975.4531358691976
1499.4540735661753
5092.994953185071
1435.4697816828188
825.1785473345485
697.7244360314438
1597.3273630067397
5792.501385991045
177.76853498819855
223.26711398185094
1658.3387894904765
2011.4345126111878
240.42529838131932
183.07110485911159
6811.889076990307
229.51142086310438
7096.673636090167
1675.9998507741568
1040.1422487006816
99.60470210483851
5839.703744988512
275.91108282837286
49.507965014228276
399.157739696121
427.8456671522379
1631.5364414312805
70.924818851692
3722.2739970068196
700.3427204692159
67.14056385014322
2566.8464269989922
1336.0789162560782
230.40030666781064
220.8563465947444
3841.310496273398
315.76733197792305
1708.8206541110096
110.39219640585074
41.98302164029055
4108.754086138633
190.873452558471
397.26881772397246
404.6501100168798
460.86676529655256
592.0813758625965
2657.497125657915
112.6911118050411
10881.599657940222
282.311871578389
4371.139703728244
137.5026334046625
727.5839417351438
9215.905415218605
1631.6808682608319
3776.769024655291
2331.583277578553
12915.889695023165
3036.0415525253593
416.01578455847664
6.309198876019995
1011.1983609929376
198.65993650367562
257.95429679827953
176.80597212255122
2495.03044597581
79.18603427026216
757.4672914605229
1008.243695162736
1687.8822850327158
1668.603919199263
131.8314581749136
1309.6671667390258
215.10421698599512
2181.1845695250186
4077.5058358609167
59.328751296017224
782.1548374605802
961.5143339799404
565.130350230969
417.98024315158335
135.51185650513276
345.1121056362805
1108.8159833322898
1176.9964870929516
7113.28988396901
236.83016422847425
3542.174466036385
635.9679190707013
1788.05661660405
444.55507682246156
326.19820470791706
2143.2189421658145
28.84901147675034
5668.389308325916
7810.825539852983
333.2787615139665
1323.8668108427664
228.4002187327716
588.3049618878533
175.84069059500828
3482.198595618824
5947.750140219332
76.11582137431184
1189.9936696159186
2342.0246238891386
1257.9617981097967
9.771304670969094
257.42230675858127
1413.4204835508424
534.2050751601324
28.332586852786168
827.4876469873793
1230.4501992238647
2730.3447271663226
1443.1717700878144
5404.074957148164
1559.5138304315026
8.299738564532255
740.4737237711179
223.63908349205542
807.0679227772937
2490.2895131495907
960.6253146326127
9001.43137268209
719.8995224912519
1743.841619609343
1568.76224452952
1212.7513688589108
4103.088766801011
1528.8278079542472
2576.8104449174543
11581.879987702425
524.7723980996932
681.9761097465072
773.3899235558117
915.9865720470007
492.1433320647872
193.2315251317207
936.0889558239438
16.664592630533104
2848.490883600274
63.58274110447315
779.5681926001441
652.1469476575503
2604.554136856385
571.3640489211747
4368.298690186157
8300.60426204372
65.11132527905473
610.5776189833878
2380.0788704763986
1633.782465413991
346.78681778691487
386.4852049557999
5653.211779078838
4051.4084097719942
509.72615957518565
2382.430814633363
565.7046472960503
1257.2862603269175
2950.1171777919553
1802.0234341387554
7752.6898983480205
3596.717119074855
3395.2061524005317
489.71915114792705
413.8316215260951
3521.5650305641
2354.444489500518
306.5507638121745
7105.539333002087
10.460364386177812
25.18014837272764
58.87314279502398
5826.744715673393
623.8849345561737
2281.277351015054
162.54036603878808
437.44448345413025
3984.7931362409495
1020.900928535462
134.9781109760806
9621.030186892533
4484.162092993604
102.92319845716102
129.5712738115462
3631.277703062086
857.0133729916107
1466.6457939445543
22991.66461250943
12349.724270699902
82.59580582866688
312.12079403822867
8.825138079016082
1432.0275587970777
2524.0951327733405
5475.442548891374
7888.379123724077
136.17176157081357
102.60738531594482
233.66753428012422
592.8434773758928
117.09319574473298
726.8966381816177
591.052260070446
103.28919411461968
2651.884376375635
371.6879626296632
6259.428212012875
4090.71312189705
128.26047916888461
2419.875783356973
4357.437443374423
35.60417501634605
734.4779203094287
1989.1728311864808
1060.1308428670352
4451.45110452584
111.52627049461073
342.06559152830664
180.10385566007426
2007.516707180712
232.47963725492315
83.29348041944407
782.9824322835632
2862.912817364882
2056.2115881380573
171.67527144128502
110.10037884199298
920.6169449895718
913.235127693568
1529.3312421779337
557.0147157429095
5052.797314463531
233.97024346973882
3368.8975349316142
11136.210912426191
673.0071162103668
378.9055340262859
3770.5293190332554
547.8842384844972
221.88635957937075
463.14024389650933
578.4203904615204
3450.6021579529756
85.80014763582832
670.1022145838009
1035.001951246406
11601.09398866923
2025.6860451599357
1276.4557211852878
6348.526123737175
171.29834174784975
3526.9269385195034
16.897162320927972
754.0556324812875
88.33328529247453
1399.6175775076947
310.75763210975936
223.0335930525573
99.18891089620851
548.5997859449587
926.8295058596166
738.4036440060138
312.153336636678
1970.6202045498
1189.872296263761
806.6741088503027
4632.564945443408
8.237441903014009
17.46349206445119
106.59319694298341
192.74631216802396
1770.7058330262648
5797.580826480209
531.0695126958586
68.03787611554534
5295.848568666072
3983.9367944311534
132.1065349887962
11190.00410104214
1034.1612298103487
7218.2820820594125
8619.328793738878
802.743330475042
27723.806927717833
4745.686904446844
1000.2725704627569
1398.6398455323235
2231.5793107068994
687.0652873254502
1196.9265809196772
196.86502058625655
1340.9263239800628
2758.9529136119563
4158.6866672052465
8565.621030678294
29.592542203860095
302.9817884643293
3466.9503440441395
1868.9900659954794
54.239932438571174
781.0279969151734
1654.0893663402612
8723.80514749801
359.0788087775909
722.0779274168754
1444.3183850026965
2012.9269155527263
320.91986130434736
5679.643303699522
1616.5809485699456
818.1372006092924
529.5760375130687
269.3973274804473
1560.6552461329359
768.0954936502449
1103.0434100273158
7365.254719963444
1091.193076247543
11437.070254076121
2799.0676245305713
505.3699490111585
864.7702255470513
4559.985765770803
124.74376694142641
31.430150723188444
37.84191969266048
2747.400641287334
865.9091222633308
129.94618998167783
86.64783733981496
64.93129487663563
164.44698049630225
234.46219332983188
60.07666232056286
1347.3159846343785
1676.9841078900672
1156.6881897329351
4871.94320200206
783.5915298651796
9510.180546953328
1364.348399902149
154.9715584848399
1969.0866744786817
730.0302755489097
1507.385396992955
540.8912773978481
2282.3025908524032
5714.7874963244685
4407.937682978724
120.71330100102972
11632.6467643872
