382.65300191233644
429.09695221095
318.2350671017131
590.272850065543
46.50482326400418
412.480654517533
324.6085698044077
287.2148088625015
993.7617623299366
891.2909536339387
12.053243232545974
261.22806474681016
424.73202380590715
209.9439905897338
92.28250888633215
59.799336456312076
241.00229783180492
680.1248370397861
383.7493919885082
285.8863664576772
367.9243526945153
627.8573313463932
110.3175243277299
628.9382997033965
135.3530385403534
484.4004975204541
125.07460699938689
68.05268509991747
66.10673748662643
47.98506480971909
169.79917660415734
229.318577319515
818.7274355249574
557.8303274052288
309.33544810719525
1184.8723004133976
156.1467277168993
316.04082623418736
18.082721363177345
43.22252224818746
377.09786181340246
56.0511879907577
872.2265105786109
5.52346134867765
419.2506735391954
207.58578184099096
329.89171274722116
255.92063348599535
857.5460653259204
192.62989291228826
623.7485412623367
234.6944771785764
421.41951502076
94.90492834323128
329.1029167447057
584.0410848428123
551.947345798609
769.292663478316
179.89909648220558
110.67297252659314
2.55406970814942
80.63649486172997
468.091922957059
70.52060741652433
754.6865629264321
369.69462367274497
925.7713974793913
1400.899609559103
389.4900332980233
849.554503765948
420.9470441508878
512.1368956316319
962.1097114049903
170.5928894028652
367.6659736406962
1070.356448845222
3.2671291228636434
25.26507947661072
779.0002358861292
577.1771215494325
149.5916080321069
219.42846258605763
94.43174230122642
332.5788390635354
677.6358802090155
273.1182793559439
25.615673930223792
1355.179060638978
738.7169283513128
163.5764590250277
413.26968525439156
217.78222133714831
614.6857739020572
680.7991224585307
384.78790896021576
26.65307086998636
799.7067478205278
1023.5714298245102
130.5785675589477
866.960236415415
675.2131387773197
99.77328810849562
490.29994843294844
511.139468106403
406.73223393336013
1023.7307551058894
530.7452905644939
705.675927428373
213.60557075010834
650.9190572010604
697.3911100430552
459.99273342043347
177.20198825404987
2.89364663570435
136.42392897034173
255.05532593957935
547.9738095686914
368.7831791847729
188.19795694047235
516.1196318318906
48.71583516717904
340.7516249646636
403.3387775862263
399.64655615576385
335.64451162060305
1592.8181466505764
6.704179657057718
801.9235620853715
71.16583470341276
315.163317109779
208.04317314104816
179.24956586061745
41.137385766421005
309.26394568024926
135.23384039715313
192.74527859575176
248.31440331001264
1466.766843722689
132.93560002780592
877.9098037680288
83.18239282801842
44.266925499492075
1079.0224198062192
1681.6619019719647
132.33984793448172
100.81802412190699
434.0894980977006
103.34442547021982
357.1901231106622
431.8826917820706
85.6037098596496
439.10628021488486
486.0604622661468
1100.743093107992
322.23955811712113
171.18486611141793
698.0326691663929
1064.2541464061405
105.35878785128405
259.7486425899631
87.3654733189344
517.9676307628389
1959.7237064491346
287.7978427473393
1617.8422675797276
408.36105402222154
1092.7063985779473
3.8367367814373665
572.9127373115928
245.90317793982132
413.76060200842835
385.3500345205263
462.6032168753347
1140.8874589358243
32.48126013764008
631.0940541223498
120.41044569102155
70.79764729954752
12.954631597850153
302.69510820840617
21.77794997242355
590.1696770231335
316.88361295457713
134.28396313416303
712.4301473842909
247.40145060855312
63.43741230020461
242.11532739741858
63.64033074169883
413.92093283894036
461.0266259775453
25.889252813748875
636.5812967819462
361.55047252591777
192.4353855761618
374.08263212233004
1300.093061076557
491.03596094945965
223.89343415873952
962.4949865380539
209.50756342054123
275.23717592650155
19.643683534265044
1321.0292607703454
1307.7243853204857
125.16733695003835
622.4176539304849
137.4158357230537
623.0487748219659
246.4954958151355
231.07614511422847
252.25087877660536
602.777405491639
28.775080501652894
358.3898313995637
44.80757123775936
477.40365141535347
693.4283486373927
623.2880494136284
390.1993718170904
310.9340273969585
217.59539432490982
242.94090049421513
656.8994095146774
209.98431287548857
763.4505366734046
694.8102839234416
356.8404817173132
306.0639325025316
30.712520725750814
218.1694923225952
349.7327105499215
236.63256324356618
274.47663776166695
200.30367569798813
600.8939558015292
108.4328548283886
11.064785231218455
716.7559845285721
202.0068865240532
390.2492877561836
1256.7024414141924
196.70691552761133
803.6142723864659
225.54521312972975
822.4088425385911
300.0848986659976
9.862760863621478
837.3735256789305
271.1365331924065
1106.0271045988834
487.91568647175154
1308.3172245830553
34.473142319035865
661.6078850638529
519.4206852204508
223.7539240281139
103.19538392851157
558.5781532602585
293.0269809518382
207.32230751410174
1448.3785750295742
438.03095859047403
43.449274529827605
729.0245551452856
233.68286839725582
420.1628279199121
251.1949961686022
1285.7090548831995
538.4694437753245
199.7695934114696
1546.2343246125608
416.3962532634069
218.20845817690503
379.6489073975007
991.6644693830357
733.9030726627227
66.07451089565286
320.07476218612885
798.2816234025303
1013.4349678720289
174.05631330393857
236.6404928523913
87.26629019617516
484.0707107983233
184.41184452057112
204.46461052512353
309.8378209054453
611.9618479254129
728.0330844153693
8.296471405477845
751.301459409992
240.11850365691646
123.16611963032464
49.93853635862911
200.27605608204934
228.96406289523162
423.06420325401996
673.922032606411
109.67018088049451
323.75920350339317
476.04484832952653
1335.194021802233
94.84830999970661
1045.9933375630337
639.7935080919681
481.7536070246375
213.32923020864757
1054.9395322610899
23.94938117898926
69.82044981793666
428.16370590855746
240.63915752722264
389.0416856424217
143.82508160637462
447.49376110406746
405.0675732732878
463.80684496715173
908.6095821148388
1225.1293326728808
231.8040153426515
98.26905538583563
6.405240084561559
266.45355513988943
413.9660872976347
152.59806364578134
391.60802950626294
192.09766234141722
891.911223947528
592.2969923466193
2344.8656100915623
248.55200625454322
672.486492259583
162.6256884060817
325.20071731148016
136.83727120704648
964.6661666912748
413.84653620220035
189.24727437436007
331.44592761233935
42.2193095308665
1087.7104014851645
562.3752801266036
319.553776409498
295.21959986709146
292.84052381228776
136.80616788502851
769.9627082496163
155.17673717956316
41.04702245514291
262.7840633509404
843.8693273660758
73.34989537487458
869.7481662780172
142.33843587924122
530.4606718277039
288.671739490709
23.764534235892754
316.44464534199557
694.8754900042209
73.45952564421498
261.90199775595335
855.7500387533001
202.2222412548569
2419.5421597743793
29.50487244771649
265.47037165377543
352.72610622384406
1.4398023749695454
317.3532290934977
990.803989198863
331.1196740517164
6.357499791664889
823.3572735298122
569.4593884409404
173.98191706433641
413.3620498727009
313.08297957329813
51.148649427135155
426.7087611482867
141.65328919847343
326.68437044184316
0.7162699218743462
615.1973756434393
2423.508498052063
1103.1986898379919
27.955704543103366
227.02933215652533
29.99267824778107
215.7834954706339
94.1520835547438
654.7455679275282
78.82639458018926
289.29888945158353
587.1949435292012
1045.8701333595388
76.46051337283355
361.67793299957117
110.35483867635199
544.9898983475365
475.5107464933572
161.8711614403634
82.63160697304927
284.1413033880302
398.69141779292903
272.32695607193324
91.98141777481128
173.16002583569468
26.44424248788857
45.35801301809306
191.2189887767979
154.87924504785644
909.1494705913084
326.36391291355204
424.4911114296479
348.90446836141064
150.7730363000004
157.94084765726745
493.98054948782686
116.94880389107043
322.31810134784047
257.97981826554127
5.562501208478121
1283.579096648646
402.38756696980846
9.470131220989941
471.97005270589455
311.64335547204655
283.82792220286166
267.06488521635043
12.213013110862203
666.4410886988326
149.02039124545797
368.5275709297664
252.44199512985955
12.275776987147324
257.8141886753649
377.2651488586964
156.61281189791598
284.74258551662854
276.7830869639831
423.2738179039908
25.667459357592293
44.06658480077263
241.1825134088441
115.28085818582889
700.0841159938265
515.6597663498297
216.9767536618794
307.660511632557
253.39315971019127
1058.29164525878
712.4509446069127
1175.0623006927974
2.671939645793042
728.445999973848
1324.7033708460142
158.83311877208374
873.42092711995
426.2057708761202
49.62886539994216
134.54947880783274
26.924752062651436
423.55842646392136
569.1856327892042
270.80817475917394
16.239803716056045
389.04044671483894
410.9170789288075
127.21223963851891
378.8808764195073
2164.7047928158636
762.0986423618415
201.97212818729992
489.8968845385099
515.633929614956
214.41579471469518
370.5163267225364
433.29837290051466
246.49301958343807
247.8545893751516
4.204843529531654
1.8874751860464833
120.50539465063848
269.96574889174286
196.95346485897323
462.5262178229894
7.879108148034497
1439.188517349954
195.15735837865034
147.3530209946894
289.7752393594355
72.7759052301713
2885.4617555517325
8.733876844191357
68.62156615841108
414.4537951523919
189.87404458836733
169.54053106039703
497.1187831246282
1642.1732411936896
315.4140113128645
278.4312481925566
114.61575972272486
502.1397519455073
29.59540280658146
273.2570930518263
622.501225457528
380.1740366610962
402.1127583723305
296.4179935952882
54.37029064002674
432.0735541540666
228.13994830439555
321.49528318142774
429.04893451251036
532.5753514214715
898.783120595481
47.58456163770353
333.1632903350812
906.2345624998746
287.81309062325676
368.3539278420467
822.5886064163301
553.2433201206999
273.50139315498456
349.9705860118829
487.2697165616335
161.89731055903377
770.8123569429071
942.1441077857584
1329.4471364338701
283.8904872701331
845.2009911268821
139.9524370025662
762.3884494954658
1651.3334461751406
938.1311360973532
1017.6359279161162
498.1802644252298
148.59229081954916
446.8796804023567
237.53488527051837
451.1246082245735
305.455360350837
156.54128827625735
275.3946363292736
979.8483031177141
875.0124215253119
278.7367169663435
1489.6246591141637
896.4164915202244
757.5653679035454
646.1477195709664
340.5050948703359
101.39951838804562
118.70037409807965
72.14293417634465
4.944875766332846
738.0712060071514
403.3226421554681
103.3424060918886
70.25722927568312
10.967385832982846
120.02041993320888
987.2164864436872
532.1185802728778
9.736669060045333
188.17181199212163
158.24801196259176
344.0563730335744
174.09264069221388
213.84719056440903
10.411891487305258
352.9424566146133
649.1506100020916
501.5132553825685
39.97286831470825
6.48875696290796
431.0927208939663
40.218652689683054
261.91495188351286
163.00540644311747
679.4080138795455
533.6212031829212
125.70698279507076
352.13216793811284
402.6637299410996
46.48969812685033
66.38117009274413
209.2838422005805
238.44778318259375
209.75347962043367
524.8841263594372
341.96830368594664
104.55322012399293
370.92665537206136
104.86335658100865
327.51855708692545
465.9136690278065
495.13325475921687
390.8649518359564
598.5619280746923
227.435381252572
532.8676523387533
131.1397404756387
1871.2453683188523
59.098667632340174
641.2744400560499
458.72941737094
336.1262772334617
229.86732390715136
834.9236833153917
1159.8027752125706
352.9922685984621
105.31954069243898
272.2841727784142
618.7677954378801
417.42463163244594
17.7130795883218
196.6448548481381
152.57572820555066
13.644513554933457
52.54505682952271
494.7639107503177
251.49009326324023
350.6847700248783
639.7416462912364
433.0102442013817
172.53755239043932
287.15354495183476
194.58233507874124
338.5945767859444
7.78553713453034
19.153677998784424
114.18855033764608
148.3856400857686
55.57313581188161
762.3039020919986
310.06905825061716
347.153501081332
356.5979861839152
458.2794031956605
739.6196297699498
107.27498903182476
498.76581232045635
428.10314460434154
501.50307834320176
385.13238814625873
415.49605902631015
23.54290659791758
400.0635038431843
0.018443638372112048
273.9607937240041
300.8436152710181
651.0929960071743
855.4650980980628
199.81761525762477
249.3494254969808
459.92123660067995
459.1894592199441
453.4839028225823
297.8138983599332
1116.7729102616763
412.74078072226496
116.13791498604753
436.7305184438619
1013.0535714552691
30.18686515422475
544.3547288051742
278.6201258242804
515.4072672943988
144.4575432466566
378.6628547356119
316.20910932105284
60.89937258160205
1808.9999391095234
559.3070309243942
104.07550148543443
344.4623460410412
59.06710756490297
211.12636368575411
61.865654976756005
199.6903321016097
437.0842795297425
333.95844050508884
225.86213378330555
346.16885262486187
161.5126186215843
454.15833156084994
1120.7136702819364
46.83306412761601
1080.7549192739518
258.99182795201534
175.38683493760755
268.0134018680169
7.341849605768669
2.257302142028017
462.2348381311481
478.52653358992916
193.11935198538242
341.3067585124052
283.77870667077866
251.5504867610763
92.47456050784919
204.5500129202571
253.05631011287576
42.732916026277934
40.663966219445236
12.493126575641167
81.74351311115436
381.1717435758144
104.89651022915768
127.54229991500665
476.43679741633525
280.9415584693498
188.12168063737644
696.7859967073275
280.80920984234757
260.07117343505024
356.82175249033276
563.8842508842168
422.7351498461984
125.5307318363652
296.72023392993685
313.1848611190313
69.36806400179574
537.7364709488241
214.5085178766659
181.85689247641744
169.48288676734703
1158.6323270481257
155.06420308509794
1214.9055644911978
441.3380560032154
116.14020307664231
306.3125843829506
667.7594595332237
139.48239433783095
40.0377751926917
64.28881805693453
248.11693890465224
344.4052105959994
229.5579210848664
658.7734214593798
44.12498565130596
633.2421475152782
186.76005675147823
829.8206322452262
338.60162740404485
825.4563011397597
288.6525996417477
849.4698623397135
101.65275359368397
430.508683031805
172.4256918410716
205.18911728408807
370.8786804866193
469.25355377508413
234.223357672525
280.6169684092419
905.1088669101093
381.59492936475914
738.4919153256009
1118.5351713060454
522.7675587499481
581.0280830053526
20.81605706011347
140.93328346039823
85.44252813057484
161.15807817536077
592.3005782671909
101.24897952434875
158.30746109191108
635.7397071595772
543.6331259268901
1003.356209848183
434.6635852219061
509.95358955897575
67.58031231952621
176.08402938603663
1386.3871438025922
123.49474643400526
101.01606852686018
425.9656248064791
180.7821755579142
117.0852116132548
307.1226010772032
752.8119246648979
971.8846493845579
1162.6820488275569
167.4749977389367
279.8415966268286
397.69392829061
620.1266156377616
629.1161002277223
780.958443184776
395.1470424327419
735.5875307349157
159.30695756487535
302.457707369741
535.9470949995005
446.58120556118064
1622.5175267998159
153.95873809075366
131.22524837131388
54.55097633545458
218.11192620873055
450.65322958995904
631.0027988995048
220.32305412528208
738.2499461491054
293.066790922647
590.1767505215205
279.97095143366124
26.523669932110305
212.7444375187637
1040.0040973206014
851.9121672049712
211.68751413350728
246.01345693775477
418.4444213155003
324.7618731551327
174.06026534199094
333.5017349521463
414.40656816148504
1871.1749823832947
161.18206118087562
1055.3266940161898
368.75288214149873
415.63934617339095
2056.472686236377
456.22130184262977
1434.2408399055207
471.47319342416563
245.9610575761495
1.5380232917916459
993.8486478236919
1145.8293228429284
1096.239720002534
213.2373879679239
1050.5513280505863
386.2303668084377
752.4060912070806
272.5068652785878
46.58705242889249
242.4079129737855
1238.9936002541458
87.08180994828618
382.366521875277
255.38218187239892
922.009822975367
144.2249321936484
1077.453577294829
796.0935379360934
227.0503405733315
322.42900154445533
669.2073180833536
389.96799226138637
648.9327343897733
843.2902226558125
54.28849178152895
1089.4291705347282
142.21654312273068
136.37426014370124
323.1921646757008
751.7409057075541
5.654737270099908
159.97427836346168
434.04242698101837
227.24027127860592
221.5328895241897
2517.663876027354
179.64335319041734
892.1473120764856
171.1185542227045
249.41104167317542
349.94025432609766
885.6148144679943
1250.5346508502435
630.7562537122724
163.31751923385207
605.1516425394033
532.1591105096668
162.44951494414073
367.7240446121277
110.14135654499046
439.6964987388952
736.9251079398231
440.05057984241034
89.03726816922308
310.25663968161643
73.55573863658816
286.3186512230942
207.2678331192068
101.415257985904
408.801618894028
291.48604795478093
1119.980416110211
584.5168516897314
532.9229426098481
248.07265182029693
28.33813529229401
138.8032736036271
192.67859106749663
701.1832165882747
347.5186704683275
7.046984502656617
945.8681345561604
386.1409110365366
709.6861408880551
187.44607641397738
682.0393935137448
184.59283247450608
502.06113383215455
18.233796313305017
1830.3037406573574
682.3503465156699
185.84435419718437
663.0198148186217
103.73402675047939
108.14402554870651
97.7010898325581
80.91590718353191
790.2263517697738
434.1239998980173
145.31842007091677
89.54673095389332
83.68093399546694
7.707143606838773
734.8301818169922
14.815575175008977
311.6247674096684
653.6823068749698
472.5987621579164
325.8204463438719
92.42049084113857
10.556144741258322
729.7445596078256
235.12150120374997
473.03742152253744
559.3856997222701
89.8355764364589
343.86469055325273
189.66844425301053
26.154379308118703
1142.3770315618808
373.0531686811367
720.8484240996294
62.77164367974875
200.00671847912878
316.7299725475026
230.40960900844175
98.12569418992112
76.89882028857342
206.49884128540742
488.8068449704797
844.6240174171171
44.57235702789441
56.39665486640855
40.79839667758822
191.41525885024714
426.1454769624695
506.80459521542656
397.9560714894137
341.0573902171699
286.45261629114407
105.64828211908628
330.0593265032292
416.215244998841
109.44581424036093
82.48383446582963
86.03067791959074
39.66454948961528
1441.7256299903092
575.0580188421894
42.533080076179175
21.400098424273484
2.886564461734853
50.06795873231384
536.984394539941
196.67401730794066
115.40611451125172
225.72085759335891
26.808724711324672
319.3365674117321
484.41773168664827
669.6355206555094
157.65917287630106
429.62699249967653
677.2045332458787
275.07108771791525
100.02130305719615
407.8877076474696
1009.6827399424857
337.0573073884442
213.12089183780358
187.94058683901937
242.26422415362103
658.3328657020049
147.5332596052925
102.84359068679638
429.7781935219569
221.48695605158642
115.97206262626835
431.79142683391626
435.35753118276733
627.0158298141038
199.7406637609056
199.5034333052259
245.3617748590209
229.3372124518189
1305.6456233006109
218.90954770510396
21.599531947580353
547.0628374633745
827.9532345329077
12.029542338820587
362.6077960306895
954.4417221080237
366.8450150818403
84.82885719053313
505.2253165242271
320.84329181776286
89.73893617687523
120.05335593198163
6.75638354560304
223.3466279059071
750.7249936774873
136.382544215774
591.2575108299789
468.9039446611476
892.0252800964423
47.138107462740834
69.34255379466015
32.52733440770594
203.433330305558
1248.8947331294687
157.4242024240724
210.95309760803536
510.04007576403995
522.0358727932472
32.77616089719659
440.77476510465675
275.7719551061855
306.7233793682678
830.250198115412
345.2739221295298
479.37477797243
593.210538019251
140.3914572625342
192.5615063221753
220.5072382196138
372.21695588059987
60.1176962576333
1456.8972937695435
227.49893603373206
57.08922651102011
396.32504683014827
172.69420547521008
209.37116636938757
266.68128739210096
402.67796073484294
348.8104632095035
187.2266616885554
1702.5258795925092
244.66839940345818
719.1666337533653
1225.7804849331478
18.81084766610641
43.20465811195051
308.23962379936677
189.7859752721831
88.04162843888408
761.84103046395
212.1750191109162
368.18148407747884
1068.1598613543342
335.5576126055637
521.2221108027992
1647.1501265989507
583.9394949249232
319.23997565314056
209.61148013227682
75.399163110057
114.34766639346617
597.0558847873564
197.13405888813762
183.2584133353077
303.7706553874031
783.8477616334716
772.4460146794731
222.12442345085347
368.2488344945889
662.204543402789
525.4040148604422
1405.5958082503594
75.9925211224699
222.83664883444575
44.31520954094603
104.9455215902606
169.94129509548816
14.962219143244138
543.0832594976897
622.2549040603486
544.1054605606399
1282.6642508572795
443.14480871263663
1041.2566663795974
289.4546316175695
515.4605675316004
229.83968524821208
1177.0362058310059
33.42369738582596
297.9442107869823
88.63426351687353
525.258191039013
27.888717751245462
440.2952997120124
424.8362588570864
155.11899139107888
427.1192331524287
869.9304009704201
41.938843981403906
913.6630578471361
288.0622480444517
2265.239754806736
632.5984822000419
250.61334018654514
107.16858316970334
443.75174556250397
424.364882245698
0.9439029082791706
902.6646021908946
267.38287736522983
543.5776435407602
35.24715014591173
462.6341673131473
436.4812037542909
325.60849715217444
27.09259518706153
1031.8940136703425
123.54138725043651
745.4705892101509
227.54837736261857
456.53195562659346
381.0325861092867
85.48473336787987
913.3637292029762
601.8247896481088
279.93218099009454
181.79207360671245
1880.8118100734682
671.495157209756
1242.4808261928044
65.91459624971651
309.69251323976766
328.14193478882817
948.132093972165
66.69548835684935
27.095447314884336
372.7748419682486
197.5056733131142
142.44605424875712
50.087351141747675
557.7503857689848
214.157508665469
357.26295583881074
879.0274379806284
688.0472541366145
399.2270315157032
461.5008733202086
448.06250381058675
281.95870024015915
319.7430177546923
163.83053050123
2112.0453536641717
305.6851206486688
674.6702080633548
198.65204603232155
1425.2295921617142
456.7977565052006
237.0188409345997
1080.4386764418196
66.51564238973063
482.16436545436284
138.6057837803545
1354.982492306378
385.94142956956955
109.57730219387507
60.08894020717026
108.83214901875604
46.42712333474685
372.06444851591857
252.20225303915765
1691.6248722446903
313.2633044904187
1302.1349735260812
317.3214053485918
599.1691732862959
903.5050450824978
213.6036212717407
368.6130420339606
63.089374430858044
521.6159595551106
259.854256451153
395.26465191909165
148.1590874063854
403.1591377386623
295.15639651315206
63.963062882133045
469.7170276721896
401.61278979674586
302.03986411310166
364.42625452697274
283.3993993818118
119.44568156470048
2189.212142692898
154.79468895689408
368.17987745142443
457.6565788443343
163.59231639841988
785.5466917373822
126.06522749687431
299.6269738777424
1160.1012475776718
209.7204045094614
820.589554932194
487.3510109868584
356.75225528838394
1151.2597112409594
143.00339619658376
26.31144972696786
190.7254972164152
255.51704073981662
2.3947214222830304
312.44476822951395
365.3002944947859
293.6691278986991
216.4034260845993
40.135331579205236
14.350551817654544
648.2551660077163
744.1527612667143
563.0451461886232
338.4614592078838
558.7218878879585
256.1680077316164
773.8641580934624
751.6807386864
266.67721688486967
134.26482054575973
113.62178754835695
452.99232029800686
16.992923795988712
557.3931327637838
475.3536992879281
247.77067712581368
204.24010435142748
285.39512450682645
528.6086926873046
495.71897435976007
134.34974051089733
98.70540176599718
158.70294655258022
203.2840633854671
152.0687390356712
233.74484477515222
255.11856887689976
550.3046043105586
676.8702049180009
105.12626904266575
142.43653552877822
219.8743025521144
726.5509123297487
147.7086960098739
295.4963317158721
1111.9117171597081
181.67822590789973
853.4691387957594
93.83760055690082
29.81805006536664
253.6249261267276
271.48286236493567
560.5465965222156
1387.048740981267
322.89277015226105
29.311314258351207
230.87667391918922
326.82928832619143
80.87814256264592
280.3190986209403
67.50335211862523
431.7155194713207
256.72416181272695
320.2602403047927
46.86943854638193
418.79417972109366
1606.3825211328765
510.90005545741946
324.18086351435613
1104.0593584649594
1.8515480262992767
680.880532507111
1702.3265146069111
453.3307455866775
838.8955235203
335.98519386994764
894.5894429700841
1954.720292442036
640.2335764864154
559.0480648452245
206.3593946889597
601.4063578998253
494.75768275107913
540.3900773219949
528.7256401819152
706.0068193520564
661.8069134074922
394.3933743493111
262.4191436094381
420.31983753093584
39.70113978445377
163.80561272623106
1252.5098162477154
354.2631343171232
1554.5604954051328
67.4457664810002
371.71179704887925
220.98873792765207
248.29018780159197
76.62655903963866
350.894568476201
120.77074525480569
532.8475515071318
1020.0056286088
308.35934751443085
1500.4926682921193
241.36863466428514
458.31021057113344
456.74782606781594
1970.3646150361133
115.53085165358911
73.01053622851272
358.6469697777206
1060.1248238022886
105.40487725103631
309.73332840369403
377.6275382737615
272.4565857326944
25.510511619497578
265.85016621621935
467.9839388126439
630.7859519312453
954.0008651499954
1066.9568718758903
296.85129542481593
366.4902188834751
330.8471330415341
205.69472210314467
78.24440063547434
937.7887460058854
171.35603317419702
64.77966970114268
1435.9652954284763
1562.1938089026455
714.9331188996855
74.35210683639504
205.84588684117168
219.81607043443097
66.13308313055954
476.4778922899171
39.39117632493216
1497.8492056013647
768.6378914736558
195.33225657574204
844.8142749703846
280.0867291656628
63.039543538889745
530.3392186226774
450.81680283550753
19.304031180256143
390.06675097273956
101.4898358192906
311.26920411632676
194.24883331106147
324.42388634208453
239.3575438656592
758.4548219360498
434.037800926923
1.0955860273886842
814.260322852256
217.64419453794704
645.8574764896418
676.0925924755079
45.60294478401783
217.64775783933433
127.10729583406133
751.1890300148872
311.27298820340377
261.3165149620733
208.23844196995455
9.960956037713409
402.01190467060724
118.66280685993713
377.3571783006302
609.2241650282215
1177.0882811213635
1226.7920288107193
318.9089771502784
256.07447045715713
203.08157371383695
1183.581741457107
708.1976815600522
163.06356938272648
334.19435787328536
363.25758717812295
560.4681139464108
48.64951916304649
813.8171180526066
899.6871645547411
417.4137735486694
432.72009206720696
11.925234405463225
124.20107263724222
737.675358679335
584.498229092656
866.7182549918939
702.669700993086
895.4671288148752
380.201222349863
263.6296377653058
908.2250444585216
366.84645722881993
256.25187294239237
129.41246408850748
576.0749642127915
111.56588848773019
740.6058336892673
15.358753371885747
363.42244982467963
176.2083830820327
340.97303010217627
823.5337527296438
262.51740000974297
65.97596339854573
297.9475226426609
305.68740139650384
361.3979479058726
254.10652155941625
808.9732959146279
308.6041079338186
418.40226362203083
1723.7554192172765
291.19110549453706
1164.1415662445143
188.85519111216942
211.91279851449085
136.83250274219017
279.7603181041497
509.65513976368726
178.43008207555354
455.63926527713016
393.6773284202166
765.7839093131557
156.16492077039635
815.7254229810062
922.9277529439362
755.19539186788
491.47090638475
54.710637954336065
188.7789584539501
26.081954111734085
876.5648235279366
137.17782673230428
575.5770299126995
219.93505835815608
8.042830427934522
595.268276659966
14.11985462543841
530.2741260770794
40.24305152786623
338.0407745583125
474.57844110736505
60.23752662531745
58.585466267513375
214.31703264607194
674.8496505660672
418.0383208465588
499.45910655605496
97.77061877943582
575.943623620423
736.2285358560428
158.63205777638666
515.7944227311973
33.064960168160965
1467.6172947159062
300.2475259519799
327.89374799983005
576.2646686425566
669.9671157553877
64.22974120342539
975.6988270212541
261.9180695606627
2.7270221267028383
226.7296211316272
239.30082742524837
438.655779131103
63.52791320071161
926.4604974597579
291.07585119471094
229.937692626736
418.9365285174218
60.90950865345057
370.05876394575756
393.9497994828067
877.9064878315701
210.56211993429886
309.9311831937679
933.3351025834546
345.77784373209795
416.7776125813205
318.3798530029036
1214.8231682809208
598.8328800381138
162.23098758624266
41.058621681233646
2094.271288765481
85.03145607801076
243.80571736396516
574.147202079256
524.0376067833341
203.3786179390984
131.77612567220055
502.3055943453425
316.3309083404009
694.1878414987946
10.782204668857709
183.78912960501648
2012.2485901331033
214.32664824848624
327.274731923366
850.40048308902
425.3313767630273
313.3688997798534
167.3540003223839
36.88317929242402
124.72544059975999
19.997457128839713
135.89290705168233
130.2834468114411
448.5603054420584
446.15406272622283
1484.9602861089052
16.15806487665905
245.83763640227963
342.1874214088905
1732.072310352173
26.238200917605425
748.2945598597856
859.423392911074
24.087207439593694
601.2644945034617
716.8581731351043
1182.4879745648386
572.5721451834142
493.29238111363026
574.9611347540373
222.5614236188167
85.25791741832434
76.46618003119832
303.2324774400963
381.2959132641791
541.5282282875245
1009.3915953096389
7.533346721533274
153.17562487190406
392.4043224238449
1507.8932415225065
1087.375494506604
577.8524944703545
59.04022815855781
259.19774665370545
177.6752266369641
327.2284220735
305.01716985493755
50.25614606098961
543.2295323363423
722.7724241581468
78.7778843366671
407.4236384986829
292.31838977075154
322.90392860460094
2126.8081792462976
192.07055762759938
513.0524720432405
21.6250619132774
940.9533552948379
434.29277124591437
71.02604901459975
982.6244838516684
253.23370513270493
713.0419353836959
50.16269514329652
121.34049504527455
371.4556108862177
783.529162506047
340.66800853049807
89.12635582405403
135.57738085918646
302.7588325068553
1.1873969431919207
399.1675159702224
698.1260767783049
466.893977287608
0.2761097017578429
481.20432526893575
633.3042489084173
99.79247757059272
591.3484892908439
267.86120395684287
112.26231871407366
210.19825150434545
408.83476170319176
331.0386149372402
201.09323925993073
186.60169208939425
574.2336348922183
128.6136729163334
225.7252228592743
167.0924272168417
77.04365144316495
88.38645993798355
262.09113169417543
260.5016886293776
128.79516376412826
266.4608243814648
372.1957064798276
923.8749172293615
76.56289420040486
434.6862195915402
319.72572043083017
61.561118776143346
19.11049524124797
270.77564601863946
123.43643170349416
158.88779126072006
783.6679363373955
99.05359976958295
157.9606563384628
319.9042095218707
287.5529417906364
179.00332394246155
275.5725737895176
507.4105518687699
446.2301436134131
217.72915786439916
346.6830171386603
342.8913255205224
1146.4883737036246
322.2495714336748
790.1880516834825
342.39108453609776
653.1132644386872
77.05273249889456
307.39273496573907
140.1852180482388
211.4385912139971
128.1505737335653
283.8486183101119
405.2825388295212
1011.5172212033508
2.726721072643379
287.87800276897093
447.7279949523849
174.32742429248637
334.4789224414613
101.52165104294619
178.56390334801685
350.6083053962938
361.3762783460372
426.90514109385845
272.2576239929553
772.711524632519
764.263429393497
118.75856497352011
224.1221207735178
838.2489725860198
519.701962141117
97.29729605177928
1253.8723879009005
364.3745565494849
500.27310796401105
218.1353099729555
659.3099822352344
296.0655341589957
566.5095665470133
764.6983770134619
487.26380960080195
406.46673477449104
1229.9076673714214
666.54511029689
424.1745425150656
708.3326448514948
641.1380925546717
117.70037484954976
271.6838940952648
529.5234597027187
112.29073263846479
216.9085153581718
32.808702824538294
647.9221077234531
779.7922247646527
171.77454114239987
348.9912228306968
1120.0928997018189
679.9849855318896
401.45835233423855
371.65725599376253
327.8327168268591
1329.0696747004226
1937.6396845115717
467.32940578181336
531.0066319889839
393.44270844186013
251.0647144544409
716.7934725017755
96.8757631777506
522.5615438971377
2.8301309526024276
510.2551519206355
923.3046357763119
106.33923004903511
461.16534177467196
539.2921943499717
259.83226929225947
369.7513231908145
0.857812154531068
133.3581155852026
233.6315000469047
276.50013355960954
405.4101363818341
171.51003285942323
101.90219896092367
435.23507858808097
335.2132269478059
162.54077516256737
487.48688764502776
250.67438189335655
674.2917686493266
136.84133929277033
695.6813111472782
275.99356372588477
263.47090015502727
40.75580864719708
262.86791513694396
384.7759192475264
746.8442185303626
218.33748591228996
272.5359560772023
460.4282238104607
563.3615171777184
257.67599811331587
356.00073969515034
991.7659719965388
676.3262694817973
286.08038377604396
1969.5768682420178
373.3203571148036
525.9077688818503
1062.8574069820318
35.603004725592854
119.20272940121323
3407.496077016192
276.59151512196
759.869893345011
389.0640791585409
647.4012126809647
332.61352735217685
74.53297875825714
277.4396983500127
662.5629522564402
200.7840772237368
204.53601316391402
942.3413410712844
288.9379049968999
1161.083421228093
171.62990632727525
418.8465770488925
174.08574342342442
437.52563897121456
479.1596678489829
416.2996230042792
559.2196737737142
402.0378361274779
242.41581202461003
754.6568336234793
212.37282987331963
514.5609418173768
754.1179479841564
369.2159658366334
182.20327278742897
216.76936683808768
131.8158912213985
115.49790138319915
150.37531558962368
280.06335430449394
117.0035994850882
492.37534452093445
257.7747585278178
628.6080258537719
261.7358542580051
99.7447452736222
548.8992105700974
515.5281700838455
279.59244640323175
202.00878491201112
140.72713430678397
170.60808813660344
393.8063572997641
342.35771305184403
299.08176829596124
317.6027896313105
303.0236005868825
338.5074866839477
222.55058555032957
263.2691325896164
259.2083875809226
364.3665474678315
417.5689796484638
721.6184694463168
119.2466396345071
65.42258062290918
748.9489741615673
255.42523929745764
1952.3151073281508
105.23285375028112
60.20937209062494
117.55054437839752
712.3174488792295
421.84691587306975
2977.39067740711
230.10873399090804
435.47902516338775
218.15451290421174
112.31858797017269
271.6659860599213
432.2468457966022
543.9285285089412
553.2588350054546
447.07941193226077
1064.014111193412
546.2310146984839
372.4222252957432
380.3179599417117
248.4629233127089
1639.9004232217962
328.32476211226424
221.68715877723955
100.2324639075458
260.36041291860323
410.9644107269328
70.58962424459914
57.472082767606736
46.46098217518934
262.5501106278572
250.1533204367301
240.11708784290596
730.1811072727094
738.0201182843438
25.073304839173804
153.2744392350627
54.308929499180536
267.5046725450714
15.027208000450987
70.1056572940617
167.84094478977661
306.1616515478538
109.75075103106802
291.13584919525647
765.3428377105809
437.7660620924262
53.423349827352865
135.95493257901882
1741.0979504104973
351.30835998173904
362.49974245720074
373.99269101724417
641.3096448499412
620.938752177802
372.45742380614956
669.0783366907982
374.65010425097313
408.6565380555407
1464.6441244733799
58.377250406338455
424.1805604173532
863.1677404802529
227.72497850802597
503.29750326520985
82.48221887985352
197.70276008111986
523.3850526090378
366.5741256893895
165.67718888615968
329.6956833591436
400.4898499210041
170.96682622242955
728.076581045245
1.3743040862657097
884.2216818772397
95.33513306965169
897.425911372618
386.23161008101147
172.6190148246487
322.29013096879424
255.83879027657463
505.95672738408257
525.670369375264
612.8847754214406
625.1973002262213
569.5782200484057
199.35785185053456
350.52484895167214
1603.1510948115501
208.7362430196249
18.806800851567385
267.67668235782025
327.94623289456035
350.51225191656823
650.3976333010919
889.2755270974218
276.84872638432665
93.88537502882377
759.5778584779999
206.55035965264634
1014.0081423583358
179.3111111278889
211.31309143915811
227.06674503948366
291.06696147885856
1361.316564151116
275.57264177455744
36.642175289691714
511.39919407413583
39.06477141885078
304.6009609143474
764.9826230867963
16.672818203744555
416.1849824731778
890.7511438327132
704.3257214590315
291.5996261028675
488.81210146540786
222.9727312876073
350.4692604742066
1203.9735595483546
143.90151613152824
990.567133484932
254.09406361344145
1730.0384492538012
29.356691452009365
129.55328147155055
194.596807773173
1781.7368220322649
369.96653593833753
949.1867610303073
898.6692392262574
365.6150065660446
