893.2121123302106
12799.055058607988
6802.681183683101
3332.124746129894
1304.121191854013
52.80080908607321
4829.755386313961
4086.894760519266
7568.108870801204
1063.172536330459
596.1400661691484
4702.136040771376
113.22093540718781
333.13317493713913
146.80520684571263
510.69638892726755
478.47407316948807
257.4905585434495
3139.878425688536
11994.262134258082
97.69183662731163
1186.5274027008543
295.8280545883096
207.74278205272222
725.8279493043696
48.98513129177884
5.394991494656054
620.4719724340669
19948.287139839926
414.9962416970521
616.2811941766378
1213.7860812127533
169.14500348342852
78.89893901107392
1152.8268405964436
634.0115922564338
14279.872351393862
314.6692398536266
12084.849535169873
66.04598061443755
234.5757479911059
1576.0896105860734
3677.7862549048245
201.23499153252845
253.90921026334777
767.6013398035253
131.88168905972074
223.02067390564952
201.05337902508458
1664.3757416402782
139.13275230009737
308.32659883019977
669.3712585098655
1876.1102994509392
17019.070396278777
2033.7796174971445
641.0933390539442
221.686256523812
1027.4376015992236
123.65109814771458
303.1834448383508
6.407828936527693
3126.7194807440223
1066.4288183245274
5.4784107630712064
1035.5909561640785
297.42200543591
2341.9788461989
15.641999911253368
865.0348597378787
684.6505905698241
1687.8029478166968
184.36344413296223
72.81232451077369
41.50009245093011
592.73106509663
303.72250888750506
4620.418896796286
880.4360961017554
220.68341869827535
2567.9497761464054
259.614308862266
1021.6262761822081
305.4666705057052
2482.3935528594297
9799.064555553528
926.9799942433932
31.83758636942091
1937.7216231763916
4113.211926542892
268.66146395898573
150.6623267375051
6065.361253311319
5202.354407402377
237.1874253747408
707.3721666706833
508.21550970234773
556.9998685605926
44.857020730537656
1968.130113662736
278.71703534980696
428.8877646822287
337.61983637717873
85.03715956845737
59.5631928283602
290.1932113264727
773.2861664327073
57.71692262408479
267.0227072625653
47.19702631387213
1242.0088443807597
57.99888292868927
332.7568356700561
5278.780243974356
201.34577782616736
29.96330721363183
264.74216514972284
2811.5214901624495
4880.396838974899
76.23893378114755
3920.7144818210636
141.25814812031567
1640.1278509103224
2577.0210932611003
86.06061624597538
4057.6495447442244
1622.6637213122008
56.14114696183003
431.8558259081895
5540.774720219121
429.8190494283705
1068.6379310698157
145.22018854485896
610.2922830997449
68.69949771843852
4449.470851962401
230.21925859844083
20.872022800855206
77.98416997788493
551.3853632934662
421.30365510694156
728.5762196580281
846.5119753948259
500.7284318587213
3034.898172671274
927.5085346168388
2347.3069274704826
43.99321759062103
6087.408768732806
17789.62553871223
6.721433941048183
21.411986648545156
5846.866692449037
103.04727970891214
642.1538224128165
2108.6572444336425
1138.5516735821998
6420.9235831597425
1592.5772440414821
1626.9451028920635
774.4435608637468
1049.2148106243437
2.0990466049308765
174.6434389663154
2536.085085504247
1271.3137651353845
10827.628172793948
1323.1101415106195
598.7116205790621
242.9790314097402
7703.204851374778
1627.7971046520734
5331.792856044004
9.430250813813323
5839.833489690105
886.4215219560933
18501.35118821298
132.85109534306727
238.72417243868682
5604.864014032707
21.93350236735503
950.9070300489086
3408.733729896174
25813.4840871304
718.2255878466659
47.443529457102954
789.3112286387227
267.27156287624786
340.0325826249828
1463.2845105242875
3647.4325183915357
179.1831372314312
137.53825592118795
11355.192523690039
132.95241874248242
3277.9783093741853
206.29655141554127
1580.291841333914
951.8165942735468
5183.261491558877
6364.7443955739955
16712.981599480612
142.07366645525576
678.2722950925413
564.9445367198025
309.4628315227665
33.91294852627125
6103.720572096272
504.53853907097556
1285.0083725518546
674.7302001190225
338.14164345100653
205.51287802373918
77.08374005914732
2608.4951521006315
746.2065416875441
30.355968812700862
3691.7390340927445
416.2412400669169
606.0447836766181
10172.053440545891
708.353999055944
1261.5535103948416
4224.745308549327
1585.1169727351232
158.36639672756058
469.9458530945444
66.0885809151579
145.26725726971
105.5191881586981
4308.658248082853
2285.1877583972337
1876.2909571541363
2901.4272546031616
547.1396418668562
1462.5345543431533
151.44506209376908
7027.8177127716335
428.7170341558122
378.36541304759885
150.28874019574755
9456.680198793021
22919.22170148536
6.821226416375836
743.5622265832942
55.50893253846168
653.4912099574908
179.18421370221037
241.36830439928093
1123.0904212607306
193.18637392460315
200.16593900030745
1960.5026988530283
1078.4368299230462
4964.134111782004
2068.5365409967903
2349.491209212129
257.53353813324776
49027.52783530347
25.64587896221049
554.832055925547
994.6040267575063
1740.2110547949046
116.87575063338285
224.90404364802208
456.5960467039054
1921.1404375179097
526.8683978028266
593.2412276512422
494.7024517971799
1056.2092992532412
1210.129743443611
2589.8870913058868
1374.897545690368
1787.8083298283775
440.4239139186528
421.7341935497054
579.1729613904728
329.6315390582172
2202.9230559728717
14200.38833043299
3422.490338237227
2420.833984637638
6647.38137790869
4841.283519578355
2932.71721167776
2453.8386886748362
24639.908505362906
6268.022936521578
373.2301587993425
137.3024570153758
2132.8667607043217
2606.706526002289
875.8272855227234
318.93801396095654
1246.5324150071622
71.86702742144612
295.1243191132047
499.8584333888001
1081.6305827679896
680.3480749417167
424.8773972144515
1586.4279451154982
686.591123090674
7156.297462233551
921.1095531848734
458.1485366553118
5589.376557508374
187.5164724249534
1072.6690231637858
477.7420499568197
3028.6501391707743
183.47932543391065
689.564160510292
813.4364222478596
1161.5770569755157
461.7273709709546
1188.4298281682138
13589.11977601358
284.9711189974125
221.14798014881697
1706.1135374537685
426.13005795478773
427.37979686654495
337.808312857979
3338.762342808388
4351.285784306946
1085.565667575994
762.7525891840903
52.09489253590327
354.15771115797634
336.6155088061373
7.62586896435602
2532.9431455667905
3626.887679360169
349.9831129108344
34939.72413944876
174.1560335568826
119.25105670432812
3268.196125630385
34.846572137314794
548.9599935683209
2439.1577496852947
1383.5714360888262
3076.873836774452
4127.184400903095
269.2747467740508
378.6081409952291
59.21544122889921
625.638517383642
67.69805134383411
23.738979013021577
675.2911478617784
902.7271118627889
262.13642991831375
439.06343807841307
2269.3220277612004
1609.7576658390067
204.8860449688661
1424.6000141489912
8690.598551673002
130.26576620078777
616.24192502715
673.4705096325011
79.74168550357597
1264.1526160136918
2490.7859382160004
904.4768713244333
254.5436872707141
1204.9120096623844
197.6065394021398
437.9576732602031
905.2696007087468
13993.66326631677
602.4790135866764
137.35216064961753
610.7210527922736
3966.0788384604184
13884.559928053852
965.9491279423781
2163.664986477176
7260.596780615181
177.34356498473323
384.1130921458658
314.94714237246814
7170.501610706381
387.7822493513095
14432.702025032175
27.5513549233386
1898.9822686422797
915.2539779645031
6866.551751991389
5317.078297027989
2243.0659680612753
182.7422730906747
1151.9316795351008
687.8474840258164
329.23886604303567
4887.313760268186
4879.378761127818
406.2913390731726
2310.37966660268
6332.174975886162
1519.3156774284455
5995.523427775096
2406.8357190316747
188.9036806865918
97.48416757455746
2656.1871601408993
36962.13586745885
