848.7467963944284
3630.3223695868246
1922.169333130208
91.74584164897138
369.00010068139363
937.5022546571521
2281.0448102000723
951.3027482055625
1645.693424420236
228.36707126928647
82.8431862424872
258.3222748729797
3146.3349394458605
131.5245882811733
5626.248567831304
4698.225132506928
8278.454613856746
313.68249066519024
4507.3291480302705
4.375412207269225
2612.506605536846
344.14961601380026
3231.6858559862326
325.6697814443266
61.47853093804167
2130.1759863479706
546.0922211309116
5051.523711855788
2197.3093537978607
121.3925907170954
1243.4390628145663
139.53703064160106
942.6497529247068
1710.2544821158806
739.7437355166514
964.9470034722162
45.9831834658031
20.791834002820142
261.3903293072206
430.381737060026
317.6615588243226
1962.3169198292435
130.23675208724273
100.8119953382569
6.319139751964631
42.796699807334804
938.3188246598562
1234.6608690516402
777.9728919562467
259.74301498609134
2236.3275956042926
1312.1708581497526
1545.2404185051005
1018.9520358970472
4640.096387927296
1007.7850884642081
932.6800972905503
800.9680674037622
519.4041382172165
3880.782619319001
731.6567302188548
896.4249860203721
2975.433580733877
91.46984826560178
112.64984789330911
696.462478042481
2719.6955460347394
196.40788485798532
1186.246620803355
767.7019986422229
525.2326454838419
5171.788360762796
115.47955469464188
7.273732405865818
21.53053654726511
2240.277679396674
1651.415181818716
313.1107567957647
954.3764973537372
1099.9942212921221
1083.3897336260834
5233.768818499519
489.2211390012946
80.39734570799428
226.75808058557624
3924.337855228666
1992.0741771480955
134.203774060071
3241.886112264625
142.99578799856772
5776.538510399587
3.105376380985181
4308.447964761753
2319.7712083029455
700.1651978508216
758.0242528422931
51.913430902295055
1150.8801715089724
856.2503027137236
15.654500284556505
58.937277856641046
257.09393715490637
7781.926122159311
79.40326052051638
4642.764094464802
2544.713763955819
1341.0071930303302
162.65171010749756
466.38901840344585
2316.9021557763567
5756.638492408584
2040.613624877141
2267.675701063654
996.1448119171101
2006.26902519635
31.158848079770873
93.39239444650093
597.4513975645634
20.657869830453812
5814.783518831845
512.6958800031223
2.541256642352163
448.66862692775067
225.51220834973185
99.46628073869147
1355.5702869423314
2667.3340643642796
10674.645733067511
402.75288813887977
721.9625991480183
214.7807411687852
98.31519303367119
6888.678364220724
5534.300531226321
2605.3057940088497
55.352896914284685
276.24086260014116
8050.479666343889
106.07806106969208
5134.297128741306
375.4457869638794
11111.704366185893
29.931144324557568
746.6310611808136
3227.1721461852867
32.33209832342876
465.7447951460281
205.42380825349093
1230.6086192921061
2404.8143623749406
742.29258819406
902.1874402839413
34.81742538262722
871.5246577044921
550.9514015287764
1523.173269404643
1152.3286467239213
2641.86202947172
1818.4899054638936
329.4305345257098
1740.394685325264
3745.670968507675
4066.6684756504924
3601.4542155876848
493.9380061668386
8618.513344923029
1148.0474478286928
753.7510610874488
5631.330260486367
64.91862993354135
1614.3550448584842
901.0074254368616
3257.911990259066
714.3173175531148
1628.5872851983795
2038.6519362285637
326.6616693843427
3803.423694934627
268.1150842151592
7531.182363828314
1401.255548350233
8780.643419750266
4788.001858280521
2927.5243525299534
8825.643863041656
197.87129218007405
3750.3488747723914
267.35339178638463
394.4817581020943
1451.0459606062343
2915.423699023145
69.7665398949443
6191.455877499152
2603.012025074336
11067.505426253376
667.78544702355
156.19944865202794
15539.227115843534
36.43144868664683
1191.3838682628186
1410.9994854290985
181.49359338871517
2371.9686080478587
516.7873465242944
158.14799923647982
92.05331781207971
3676.2726429079185
1409.1443188216201
1869.5894563389381
34.025151680516785
890.3445120981179
850.2226641810995
1921.5921285343552
666.6520939046738
252.51405409498773
14116.93022121634
14062.271836612328
610.9219492913098
2229.825479069103
3373.9106734993475
103.91654316115329
2002.843838254331
84.82303302761451
4222.862836565278
421.8210854848969
198.53286900572976
253.51280681242815
2833.4088176587447
87.5110334638829
162.97955888934234
1967.690302728675
2202.8178975965207
4821.298180516587
3481.4010296450815
241.3987555802799
693.507526085757
54.20318803249779
1951.2988961379097
120.56171838846774
2795.2650473583085
301.0940788934935
2005.2234637728538
1240.138194014262
1814.0981157476642
4401.629331708379
1791.3337365422556
1416.9699801446334
1720.2495352885205
40.722818856153694
142.14352905146387
99.41766274184083
11179.106506861981
6711.780325777572
7394.197394814306
423.3372847566974
3715.477921529131
150.82857458791344
2666.524214352628
266.71615046331976
50.17047473475644
16.038890581182574
0.754746254116867
3280.934420660442
3064.965797551478
1412.2344000193743
361.0054102789917
2356.9715855001896
1272.4732429387986
121.1334155868049
183.9069020724504
449.4050100434688
1593.872420082476
247.1144897148947
522.4565107459722
1717.747513011536
170.6095731246804
30.12705622567058
232.71907948712033
97.34689113252148
6413.539971338533
315.7051064573091
11268.291826852937
1348.1414642208422
1286.9943122466366
29.09639374781836
4597.775903060864
1306.9215524646904
526.2152446836366
369.9695388027946
386.35936432916964
868.9555475592692
243.80383119527727
3025.6075373508497
3467.33229365479
91.55909497774451
115.8137261956904
4094.8209487097874
1967.040518673524
2441.62499831464
4957.662620648861
1049.5188035998472
322.4178239385811
111.35463712461657
61.22159864846432
1.177825606379912
301.40297562932795
608.3552758934796
1620.4144088197147
2021.582956092105
79.37655457819216
7053.280832327413
421.49344713727777
14827.86879593927
3308.053344910267
5483.714617833591
810.6190969130566
2454.3411749209154
1533.5528365915009
2928.5669141954963
22.552962190902637
418.3345777114211
8326.794864746156
2431.6766457930016
6018.694590752949
359.64087745197213
2373.879767441955
585.9888185627326
330.77012496145477
1694.7538747497215
5108.783060972777
2681.985841580414
320.4089031820789
653.5851753456168
2637.799578637634
1991.0378989820288
434.44329892050604
4907.5856199948585
4610.277937501095
208.38795689261946
56.47928704716199
2940.3928675720836
213.69117274175898
1337.2095921062255
1449.8115498074005
59.82604333775177
264.9207672431375
1952.5253271121978
3281.6283797305277
432.6427760860341
270.7771854962182
781.6920827673823
1285.5657252159535
3248.5762704842045
139.9606158934974
74.06951536506057
1686.491124170164
4.16931729486647
3283.5208638485215
1800.5236536781765
379.2391112305005
208.86479039077255
204.7750222106348
1713.264371029044
116.03510742153045
3547.7210057593743
6246.906956357002
192.3382951716346
3190.015296056736
245.23897934342065
2507.5092037312284
259.3478690787854
12230.060210826978
1261.4369629828648
4903.353870980353
4257.131496637301
2580.1600347743147
94.77509946094199
657.4927537025044
680.4805431537386
257.8291893993057
2146.4559730470346
134.54782713354652
267.78344700669754
11.429810490959369
1205.2489054683479
1636.921131568503
201.88666179153935
4006.7064336445687
3505.8522506127065
514.4155483205903
1040.072190793817
1401.5012711120378
1800.1822671176449
190.00649850040574
362.64457010167786
1337.429657086997
817.6972042998165
1798.6752821676832
88.08428710482818
971.0966466487059
2655.2762927001263
917.5551435635975
64.97607779347715
8589.943006504842
2862.6620476297935
48.82291972378994
507.90955414851123
427.764525818386
636.3859490151502
14792.724690440029
1810.552644364416
13775.438302356079
101.78630513751897
241.13773021694485
93.82733927721931
2283.597311987573
779.5281981926694
694.9595599245017
708.8203002089344
357.80169805762483
137.63095776853083
162.84437292135578
5683.78445049631
517.8552404006554
613.7476056987223
287.3167126823506
383.9495329131637
1459.810881538659
295.2186657003475
173.1242375342168
816.1512613234279
133.72678248225745
9228.100769805425
1867.7021755849953
14263.079644204969
78.93944063801506
439.21685038793566
4524.644590597626
890.4239440646777
968.5339650615355
184.31786438291022
3906.012438385298
267.94082018350986
965.6651407978334
608.4638914342855
1.1429078353719646
467.76928843959007
888.3277549740942
2792.2808148157287
745.5144768992672
298.22329029230985
7021.078298847261
717.5561146412268
68.19277035057247
1189.7164151923766
364.83877946975605
2531.2282046005885
1692.6134733690978
3252.1297091581023
532.2218195183082
32.145847837394825
33.357723514104705
877.0372352242872
390.8240783909389
1433.2542402378356
3292.104020965836
195.66409091910097
276.30987309624766
283.42570660807587
428.9539407524967
3526.9369830323026
2675.9988042648342
141.82174372668888
10881.735439918162
1381.2256702590676
7135.173348297485
2342.9008856541423
213.28808658718225
315.78554172275733
243.95964449972496
165.78968640567072
501.73330777245616
2178.0695658412565
3369.1251109622453
26.57027271292245
1564.585693549425
370.8847267161586
5180.620375997447
4787.263621522464
1796.0276395497353
1273.7702191643718
3592.012166428904
2682.9330195415446
774.6257936117163
76.82202506498203
7110.838572515088
287.33753426541944
622.2080729076151
436.44194867125117
1195.6329158719802
5788.229945297452
347.76247134927775
264.5084899512429
1613.02055277337
630.9495059884096
2408.0467810353666
6295.307599418553
403.93415548561904
22.62162675022994
242.87620975398383
295.421623056924
1144.1682498461114
1736.9239420941262
2197.7080427176497
1860.039341118458
7243.3946545173885
68.48425990759743
336.96363684820875
2343.9127243040316
1.4298419717118094
137.92557075872347
349.5859424936687
732.1615028376805
2784.622691282035
1464.0538180786589
1580.1259377648425
584.8784483682979
2440.054588863805
28.617808121222943
1772.1229859592459
2004.032822198243
5098.185098742347
321.2309459539764
226.5126986413457
63.684324750856725
1831.984004356091
147.99446275217676
6834.522352330175
189.6783024187054
1020.0006181910081
2633.326591291796
3284.483488960399
3675.501073893572
10792.671323336423
3736.0081608268647
55.64798830591799
6542.540314877177
5454.459177695393
4142.9883394338285
2876.692027933769
191.65311689506302
1802.182277177844
3222.44304490773
23.88627029074053
3827.7873504479644
1215.03650908239
770.9563582538492
809.2029038238469
575.5929594236209
443.10011062582697
202.25442306572862
993.8529248716521
5251.623663224702
1404.231415736079
8697.702040466393
21.662101088648633
386.11647346243893
1280.5673250007476
3727.596110622644
422.4261466895696
36.812166282829125
5102.37790207354
461.18600688851427
1351.714964734263
3403.8856275890207
978.2395962415369
1217.4986313901682
5401.527347960889
214.86132749755083
645.5869130423508
3312.6826207342197
2216.778668328845
829.2205179803447
84.70571336752775
573.1541176177913
68.8320950974819
496.06374954130894
4186.233121349314
1071.5665682583308
1028.1657117820364
1309.8575533861622
216.1226116685122
833.8666971994479
3671.1804486135757
10449.102334829486
2966.3410319942905
2111.390341534103
296.2700035355703
200.65207058923562
50.25471070533305
48.44040397609106
2011.5339360155083
86.72827672664418
1089.053592344713
2609.687004791794
1791.499974659605
1518.830467352339
1005.3166481409193
123.30654869503465
2234.491706912556
80.39986514485342
1397.2778566738064
3496.2795132018277
599.5884127935392
479.976221215439
563.0081139415877
343.3879175319676
75.63178311522645
384.700090857748
1195.0132322399277
1472.877570324227
4725.044864894745
65.57760026156822
15254.706644903326
13.986560015966099
4199.537519283014
280.41361835272613
1.6624945046950224
2082.364856066865
2325.909767318168
3754.9713539173026
8643.196872594805
11783.986528399948
2747.510545349918
4404.052906963729
1399.931859382031
2144.954873909488
1089.9472404089283
3049.006309625768
70.80918628322719
1252.9456889853407
246.00767043019277
3348.2001265356275
380.5182324143064
136.6479929368447
349.1262747408741
1044.4881566195163
6329.738968960019
288.1674363778952
334.6241348367807
144.99210387363127
1507.1833752271614
256.99200882306485
885.4623358556802
273.6465970969881
606.9701109497449
51.43192735140856
966.1348647911683
99.97761705308194
1289.7941310388906
611.7970307406017
5544.83984643308
5576.402585516316
16.32253302301656
66.79267879587947
4.5108112947667145
3281.127424248109
6052.157356220855
180.20651154324608
1548.403685841182
1579.5777879865968
127.26299591584444
1153.8532218434038
1671.2877433118779
11505.763649471612
287.7097055505873
235.54293681997683
1364.992452399083
980.9729179596882
85.97901974662925
2983.3856459207996
3563.3813513568866
393.3572956133835
334.2653412878982
797.3358800637653
4906.919268171661
356.0940461242113
2399.3595229015673
2885.5415171946343
2352.0875670508867
5699.5956205534885
497.297380782602
536.5489246605293
1097.7552515859857
2926.5219152122436
447.74289984809144
995.2733818736292
1338.5512719065407
2457.1445715674713
141.58247023117187
2909.6539053763304
25.409954542321422
5916.531544202486
14154.770419183506
5228.731589075685
46.718155506664246
1239.7249800152
894.2166171455713
154.46255490024762
2319.1901065137686
10083.451342134853
105.52456007104638
196.83136187453874
103.34121813746489
13.51392056556655
325.22423542794553
1289.878697742375
5208.527313266376
86.31902017404158
481.7723313080058
153.72861948353966
305.5151726433225
3539.299644394833
1608.5817803407454
1033.5533816454024
160.4735444887706
612.3452176596933
574.0779917263294
245.45083423422875
2293.134728272228
1832.2736547674801
3804.1943489699247
689.6383741562651
1213.0600974275985
31.801750597537648
1343.16227297534
252.66448006826536
1491.6966794978337
274.1430902837072
189.98334151066888
167.06320640074156
1460.8332436808923
713.8044379959241
5999.847556315718
19519.54434515395
157.74707177156344
684.5690456286912
330.06948529183956
574.3970081655502
361.67869310511634
351.5967622303107
22808.251997731822
364.7887751072942
5835.718399490508
334.2182499196045
1049.1595376757145
1598.0773914621493
501.33131844848356
3755.6459318802804
644.8128286175692
598.4179655485367
15513.96583833764
264.0987855296983
1011.2994306709755
5122.632681041872
4954.112046035498
1873.0012222948012
615.9141667173018
4957.343310199191
935.6722784108817
3470.8379797078746
61.49871129743634
54.06486221668505
307.61330762668626
17.36384778051603
2657.0626979360854
7614.176476356239
672.0681889796687
1457.1311405604747
26.779317261504954
6671.416523129691
2657.014255787271
324.19471602461726
4747.9678061016375
4935.438709981743
599.9587275482887
857.0671502128424
5385.912232443923
3903.3504596707626
1926.1747637478234
2587.971966679392
371.9712991924529
5271.777475867622
5018.998900567483
4115.798223668687
1975.0032031174426
79.26921904682915
2110.4997391445113
331.7550077818976
1353.4013967204105
1630.2837933979354
2931.7658376775134
58.16994212364257
50.51270815978892
1280.9970244188173
1452.4671290694791
1550.7880175962941
2509.7399486701643
2031.7729092915292
163.49738703355098
174.03207403409172
227.23989433337533
1735.8087928444731
8.41702084986018
2665.0451848818093
6446.169661210499
173.46734646059846
176.6893842214623
2445.807004220035
1294.1807859891742
355.6005564282927
870.4552551512812
80.67392566691866
46.46665224993241
2717.7691982775978
331.5938824727138
7306.355356008254
1210.4580973008926
819.5784844775677
374.24168125107514
221.32295978758432
124.63764435289848
4243.46222608839
768.5278550360497
1725.369303023727
2148.58481906931
464.49896569010775
474.93384063056476
392.4186937004581
0.8856802651280304
786.600497328005
92.24937143404999
7.974198750315686
1682.837847514762
1309.4845032164403
2868.058742485391
162.46033429720973
292.8925378494207
4762.396872407838
4117.789339131528
504.67706620471733
592.2310726844571
13.148990815159411
15.210202598703315
29.03684244067728
1936.0189513669911
11344.412766895539
2209.6023989202963
135.99261510743867
1488.1389274860046
3405.8972057972924
123.34698918571307
3571.0408505159276
1911.6642784855476
1351.171956691022
1926.2223954919832
1183.2334441095993
229.34935417679992
2775.722594579133
279.20444430855616
819.5148841927958
2980.4044403352937
113.53449332536236
1634.5909084058308
460.9568063356106
335.4162389727078
11722.158045123888
457.758585758683
2528.0523783671847
3701.9318200414373
1105.8179193022988
262.923014324723
1043.587525883538
73.11550661033283
96.62256884088727
1229.6792344027251
2573.0146779104457
131.24631613904424
1417.078058664012
126.1786324555092
237.9384281045338
683.2570987531872
362.3646840951289
8885.670853706963
2764.371182784986
490.96484110632275
484.6477638042801
2160.283691591103
1447.0152977623995
42.076939380408795
49.01075161398705
114.14836735196276
1585.09252522
8959.999744775061
11406.817917622746
3659.5076996766784
1084.2501646120772
421.3303072149954
1900.8558323568514
3029.2306643037723
3259.3972281573015
2811.6372542464683
552.5973148113872
1852.7186576543509
24.684348017456337
479.7416959633094
378.5033932480308
1997.7833149381286
7077.707162096091
295.7204063206209
1212.0094466244846
237.3157063007336
254.58969634950535
34.082697721027344
3803.2418081283768
233.29852295504995
319.0639638389281
826.7338830572402
695.4562729880709
84.90300316300603
391.6861801548821
951.7148050180335
90.70153878114607
700.7148971813538
1631.7011203055288
143.12863997637538
3641.9965877408367
54.59847288126207
8.25924451092197
1022.418157854299
338.45542117794116
904.5474003766541
578.810767569371
1068.8408695565531
250.579824299324
71.96396925090997
3233.2366727763406
556.2772271301642
6956.564869374526
4.715359366325167
2063.524651909587
1809.5560761929196
43.89850740148526
140.8950578604795
565.890176024364
1195.1069436950124
1287.1943619790272
152.983398481632
3106.015709900445
125.19146216551924
814.201804942305
435.8650860562641
12.858278284710867
13508.86726889311
215.8278693387694
16.505436291336384
5639.6062267712105
2389.896675175518
421.3821589342026
270.88892237784324
58.274456963602894
315.35289725970193
761.0048700729677
285.4884312641581
1933.6733649187088
7309.914667189532
1469.6376206548734
92.60035615844542
871.899545918875
6.00363894672773
59.08391975978367
1250.6372785474173
2401.2163251905026
4283.175270606898
1649.5985013804448
1499.3240184891122
512.6820092686612
2615.7746785017034
1200.6590194157175
10118.869025899634
82.84912577919413
389.9353077349343
1914.166319182997
9264.1071049956
1170.8848978473907
2426.1614353559557
14219.354636657234
111.34162066078757
4119.073754609959
6019.7065212589605
301.2578858963666
1357.9110042727827
2921.9736968110087
2522.5343902006703
5347.096663811945
1468.6684719232846
275.83848774436206
4196.566359217558
2906.4349410974132
237.37989353281864
198.3678508224118
2492.8970967202035
629.4481134508701
1015.0541742299902
516.2540217392598
356.2450325753419
581.0389040108777
9900.814369714994
995.1703408377699
998.2798785558633
5027.404817059766
2248.890932796288
680.5497725775656
4244.216877342587
522.9742976865848
2514.9339243277113
102.96481829861204
362.5377354103176
202.62542293527642
618.3706863375438
681.6857967492651
1323.2054352179557
383.1078952758249
1793.6833691877152
265.54389630331076
405.078867326536
1066.2460893328453
1099.4411649147717
15366.748491359105
183.28586464401164
788.1930890829891
5213.546541782311
1244.369190875072
309.88380107159765
2939.169112580742
5628.665109240627
2230.938076403166
1412.5107426000372
4021.3876331173014
989.4593740764068
657.4755205183358
154.49129640547898
2338.3963343378887
4587.197755231209
2870.42798336018
516.9183148421963
1613.51334622849
414.4766155399271
1584.6419683927527
284.6367641306191
6309.609782184678
404.9462408816984
75.65629575515543
463.07169334155464
695.0078070910637
4486.624405538464
497.4535667045754
50.11831459341698
6184.219468875663
4457.341634966671
1290.5354714732641
406.53271593945607
3073.9843291491707
410.5562281082276
948.016532716478
414.1149349899176
1594.608661525254
1122.8827647038809
1751.773402225354
746.4904294082753
13010.477132952547
443.09734053417094
797.5390485495782
53.69498659298921
559.6859781854424
1053.9361289019223
1366.3838988148825
2612.978931416088
4301.481568319287
176.61018793202476
7.245398606303688
2626.8521989926576
6994.43970256044
614.2426463857098
339.7408380585443
1009.1780969575526
9167.788483722496
11412.399981126398
34.33347516262897
966.8344458183875
637.576045463395
3806.609234114111
1048.211989349601
8255.283335795093
4147.164722765185
3343.04871680432
12135.016163437273
4300.6505284310715
727.6209046930715
369.3916239666417
421.85749402564585
392.8226592363693
109.33692169747822
349.1716260092814
697.0605256989782
2059.8559518119396
17.484806607503955
998.1672321220047
3990.3735105500714
316.39043368648646
1148.8407293220093
2716.755315260988
124.30425880121109
2663.6528588787846
911.3528567105677
290.1037205355839
1128.7362151055413
2263.2205467146173
563.2977743893264
24.249442597412685
704.8544549497882
1636.9346753765
886.8469007521362
402.6632769979388
3361.828382608123
1723.6400530901142
5066.044959120663
1925.6031629080294
1980.6495200702877
1856.1233926976506
140.17691787736598
1368.2028395657242
1364.9584985545582
122.38204186287848
3981.196038864121
241.88535951044088
12152.36482219334
12345.51948924143
2568.812679244947
506.3835530804694
1114.199141623251
2314.286118137898
3680.3937867205814
787.6059055080153
201.16127303096977
225.10978601782972
1259.9099321282004
636.3231574612382
770.5769384999894
4068.8921581192635
2582.6726731342674
4707.359520456733
2276.0805771891546
297.42410098055893
9588.177830713086
812.3784959086722
1710.040842852012
2101.3479679083293
178.3826014149614
3404.505661768109
0.15363248377919803
756.8329906454508
20437.412810995927
244.55893903689852
1943.2945249390875
2828.0230666891225
750.4836548675953
83.65719800204063
4502.388221972886
2538.0614325912434
806.3805476458241
912.85548516431
189.8407512249456
1345.5225597396093
1810.3007197769361
1165.7142825194921
742.3281470066212
790.026558486312
1026.154922614675
722.5002130338942
6675.824731579039
9227.713499666103
641.4034772470823
965.3401858706112
7076.783713144375
594.568885058544
880.2319264088032
1466.1440398598625
1315.6462430931936
298.43650914003206
1324.322071008488
199.73455650836857
128.99725021958685
255.9428651207396
98.90351707539935
567.2456825300598
18.597864675506948
1323.7598828878206
444.0364474084024
167.47458779711178
1491.3428272649742
3411.5411906971426
142.71462438341098
4235.839643255202
3193.842760245924
327.91099379897435
1582.0436416471018
421.867129241249
814.9360336045186
70.0408542693709
24.761096027181573
14.107516672312581
707.4923352823558
519.8215099083692
217.7291537168835
7213.451079650146
344.5595727246342
48.722235056886106
520.9594514921423
1173.1248409194704
3838.7391900526977
1963.3518872906652
2011.0133194082946
304.4462346052046
69.7638797284239
2482.386166336914
299.1596328686619
15.802917256879656
3150.7708681399627
445.4043128079399
2288.073010346292
13835.108803403184
139.02259587006415
2955.6694675360704
70.87837603190206
1570.873273449025
2065.1023929329604
126.82772154589684
256.64078810638813
126.2279123463772
439.9929947361381
19.775294550528066
507.59924736136776
0.06691003965331177
737.2694798357782
1880.0988406029396
212.18246429206556
4386.964068933219
7419.293042133535
401.59221805756704
710.6363200630072
725.8044979522871
540.9725730257775
21688.791609227545
2362.4592221913376
16.94279323102288
837.8699056061146
831.3628484865832
4520.959326796536
414.58789351961343
702.0482171483877
2060.0016436070455
2085.3710293546324
2243.167550429204
281.8540006028658
139.42442351734252
9.092061122129014
892.9544621225194
272.326052883276
377.1177706905271
1363.001716284473
1253.441866395666
1226.2392110942267
8592.556530678585
195.30055095274835
271.1551019098257
3046.1830257506704
2673.5736370026575
2847.1169607085953
2686.673191795441
1.868877909294575
422.2220713205882
1930.5114464615135
233.1015934875169
6949.331918211776
435.76578485342577
37.71185923753251
348.3670168885511
3844.3372610163065
83.13027645003856
1057.959049268986
3135.3401335918243
6284.8122646904085
3018.7382265058127
166.32764589324944
3254.5502216088316
6916.721570020701
640.8214961644454
872.9365393688515
2884.141241992011
9.492786331055658
1037.0995895108815
993.9425705437266
457.3240698712455
13510.102957429759
3421.3246208149917
2845.761843664829
9467.891352018798
1151.2398581133732
177.19344638588151
338.8162082362256
365.7064211046168
2535.854309740837
3098.129745535405
49.52962529974903
506.0529019960347
444.7019861662516
764.2857538342373
2910.583001559863
2283.871874635457
2669.9527929675114
4008.70452854063
1585.4845866610567
1174.7796138211531
2650.668839302628
2251.2806713815057
2444.7828577921273
666.3693643624846
628.7236101406468
477.9631453532329
166.79114201019195
598.6095228941668
350.2962239365748
519.8177958378403
4128.777180577437
1833.6669132799632
151.37290028700568
571.4943435993769
3758.0243331478023
415.0988633592867
925.5920426452514
5252.187991496616
1163.7341451842142
75.49131021850064
120.1011286971032
828.8792768909259
1280.9646456233725
99.05078122349752
351.592081586527
1073.3292677221007
1991.419030536612
585.6511783708163
2230.8365762049643
976.6332233108965
354.5663095889329
5611.027050443329
169.03914764664353
428.44002971020865
106.43387873283672
645.8877163437515
34.11090717537757
1509.9144628666238
549.5023941246568
712.2873761536197
834.7536803810507
82.10396824523957
7570.7332695642335
10.37359832971596
1101.9324704618416
2041.869773026983
29.885260524531443
365.0197433363811
2052.5086100450117
6596.765897429613
27.761290314987086
563.1062346172056
665.6377198610563
1078.3752838063654
1491.6739579814541
3990.1667789135176
377.95436293807103
8791.283711712182
513.7416665058959
480.26858151344334
266.95372136992245
804.5249903928519
674.3218123700601
1686.5654551662556
364.9577150441008
4967.538247992876
130.5378507831745
2251.0746238377455
5378.157304124076
749.0859287626495
1251.6728272679356
4515.038542975592
986.0627707973357
154.39091934755788
41.431960520688094
9469.791916593906
8211.38401846615
278.62642028860796
162.51495600247966
4220.661158561711
9917.688022230475
411.2901291618232
59.75552674697404
2398.05266220513
890.8997695398657
1003.9260702208952
2082.264900961861
759.1636288934777
854.529084108202
637.6224560863619
4537.26005575742
512.3561607094263
1746.0457165920595
349.95446977152955
1654.2864555495141
713.5022998198571
913.0718167057684
653.3971778083236
800.4379549831575
2754.0574545850236
570.5568798097361
3096.944591479711
1885.5016509035872
1702.2163914153898
258.5430724842963
1967.9756112205737
3729.3087246889845
122.18275727801098
263.46069408786923
931.4426996446357
199.09087614837784
585.4495054587128
169.41182662948418
2743.011914247262
3342.186880380427
250.3558614558643
312.7380359908116
76.67516766082238
3167.3124532356487
7717.804241401927
8880.99848578322
1239.2267871733643
157.47673692024787
853.3782170861426
1222.0029452268523
48.23709582520985
878.7691305027435
1568.79355493158
2056.605021144009
1426.620022049041
21.03916237760073
49.08259875980869
396.69767643822905
4123.428410734398
3080.9406982974406
12100.368193508215
567.6614890707921
255.84555756286153
211.83798734097925
1227.817398626274
2701.7617828131056
164.48445729149165
3065.205924213088
255.16196670255508
2564.5675903685938
1431.744119427547
285.5962463973016
198.252741237126
112.90046567352663
1502.8679669653488
1064.5376395211904
299.96426293205093
438.289365117428
2199.7915741041706
842.5594739744469
1346.7244968219827
2904.6606002209764
11352.55109063873
76.41835791687424
2261.8522399685316
1820.2282749029353
6323.228042612794
539.9348881638732
4105.591700305277
316.6500673020156
169.4027669788545
718.245469775336
42.8840232738481
89.35720871858788
3797.7924308820075
166.88130362773057
435.90474779078295
1010.8251673494051
2.684758017779121
5650.717234694569
9424.080397399914
1079.0263296865498
3935.770758879675
4368.3780779887
695.8815417069442
487.22293022157584
538.8782319491359
5729.1059108499085
1472.601066796042
1576.1404433095595
4257.922476358822
468.380360271381
5346.994921241943
1860.9948411072885
418.1540090146929
548.446934810054
108.41543093027539
855.0831054027097
1068.1464775216255
7848.213765472156
2.042203795149522
1457.3438350399815
472.24433718739965
44.51718899911583
845.325204412195
109.65232851080087
1095.1434186365238
728.5438089515317
3499.6889638360562
253.97776526285833
3575.5677202803704
61.85957317590418
21.809148882423468
2139.2127390735927
323.5801891058876
2461.3625402605253
412.9034031601475
94.16134815881661
1656.2258772633177
9499.523260872145
885.2592116417645
305.1566256634164
437.2300002927321
103.1049450160193
704.4249900925004
2567.5762407576854
181.23402271115197
199.49274928970917
10345.482402939155
611.7261341698211
5081.873525461711
417.0841876114384
2481.963385072794
95.62065771315798
6879.438820566131
2126.482306962163
9139.115008698074
193.010728610854
697.9478052286048
630.788903834667
36.41729967400753
2060.654308718257
1497.3761646735584
6818.45682722495
1839.7635326594996
304.21419617104874
3393.643164158122
2398.1907386543376
165.58144162213128
108.39958612273159
38.491581577904114
1595.4638500544572
1270.0087522162673
355.07737318764
252.09949075870597
650.6667898447228
12.413814313039229
870.2204393215451
46.189890712267086
11.696183995857368
184.29013302930787
131.47766339083321
2080.602638910134
61.332832705762726
295.1614628309729
1320.3865175970386
5784.521396199216
266.8259199059886
230.0289761310248
476.94044498083343
219.18144048957976
14634.501371408182
2805.4047759087375
108.66542042623495
122.8267328922894
1324.2882656261945
1200.116816996233
4.931411774833361
1689.0494381536669
356.11447844170476
1399.05316197928
635.4925818808476
425.1431258540217
104.20180073770213
122.78704763446501
1094.6290671535187
2642.529296108731
395.18510547416065
1240.0850922605123
831.3722291507397
331.24257598973196
1869.478356180998
66.05559069874367
1116.6477401734153
137.07522912578264
68.73346865844398
279.1575160378312
1697.4470197146486
1561.8610314888647
18.4039450266682
82.21394178086206
3286.4125438811566
5965.126525808795
1751.6340023013388
1558.480422509756
739.5984899457142
19.812806085162116
479.9471670658306
1602.9743394091133
197.7268896087736
213.30992813451965
376.1831890767842
2642.914437888777
306.22911681419396
118.31130164638992
525.4946419445128
68.73920363190678
785.0298901951325
2801.7884163955673
66.03625667348511
647.0925556566365
309.94650100159004
7451.731543763584
5.430431758213228
4727.777422159463
3121.246021383661
615.3064997687086
1327.8321066854448
1576.2333698080665
6585.598936500525
122.67936469284591
654.7580912422025
1254.3626371923745
394.5624495558686
856.9606333569735
4066.816282990371
1045.4042106324612
636.9569575042977
120.65321161689457
4766.238403286627
645.9077129171264
2311.1747242822835
4599.830169195429
155.37628777197997
569.9796018739489
652.6652172717639
1.1460126992157704
3702.4360770346652
888.0862101959375
871.7027957549806
529.8345271273486
1968.5619174750202
1185.6534749157154
461.5000968196559
18.845103749864922
5757.077876472882
552.9598355064835
13277.997339668513
5477.599234586295
699.8654574434493
229.00197604499573
3299.957056005187
1618.9853656938146
4018.910683658583
6354.9647632764045
8845.0635924595
2203.9349011857335
6543.337675662963
1465.6053608038121
754.595483402809
829.2853559690227
1291.1524880048098
0.71702934847373
494.815562573625
178.21796376524813
274.3414180994441
916.7242499618089
775.9829034617804
804.1030384710268
9382.914340966054
635.952704200915
3732.410825440058
1815.9598209207206
134.75727178052787
138.89116009379032
715.6180463162243
2874.3296338487157
1083.4219100481212
2349.2556933750407
2707.046677065783
1135.6897645909526
2160.687455820931
2031.8198957724799
4719.503407525316
13492.510824822024
269.3138911653792
599.9062693716417
2722.7466685783907
278.8064015369129
445.11099740592863
7147.423875049863
719.0957545673004
202.97781822571358
319.066794316325
7956.329236178916
3901.6922462412394
3652.0752345369665
233.45234610788745
586.4723213924394
268.35482089558883
562.1048436051823
1284.0248522699715
2374.197581148929
4641.238821053395
281.8527624128597
627.9907796005624
1605.7033323688686
384.24617536322313
1575.1447847055733
2645.1516035520985
311.35452248410854
6633.658677218401
727.4594659463007
1171.340330931514
4513.960115279037
109.55631309677028
1277.125846990035
273.7274055597649
10497.582046872023
112.25826805025818
186.98290111069937
1599.2164650008522
1058.6398209645686
16123.57528545456
1252.1682574198278
23.369512695325945
16557.980865269892
514.6847779676999
1301.3976259567462
1105.3506601617746
2358.167300563785
272.9507294338518
124.01090237307288
2469.243761685824
408.31210171956565
211.61921913328553
3127.7967986965696
4098.4122327710875
1665.730130633003
147.37407209537423
18756.97337116795
201.1797567953999
47.011588283518705
848.9402693802606
210.7965668348699
1316.9301672995236
2221.9620845140844
1663.852641585084
2691.276354581218
738.7957410717405
89.62392365164939
147.1786917545681
5189.234360577089
1009.9804552772484
266.93234532266797
1363.7781265492088
7910.184312691881
4741.198746320297
2063.355975834269
1857.6088578913352
180.20561208348386
1287.6678199379653
402.1856424045511
1864.6411740909198
1746.3132003578962
4402.469689791843
2501.349758428006
74.54964534426844
236.42044890921366
1090.0381340072872
107.28250495996016
207.29938760700728
3187.2589615676848
334.7352031453754
268.46681490292343
15.22672021332383
104.42356033972811
4889.374041203021
2184.1115767772367
132.3530287283825
2953.309642311552
253.46062015472182
15703.42388082322
5704.0835981648
3255.663291785493
41.67992564028111
794.7156367491881
8251.59202319995
7920.297077134664
201.86834224406036
776.0755974503875
1621.376124745455
2502.6516366303154
664.0920443310661
554.6868237251035
2058.7262011496077
5181.663068177755
329.1449899883614
142.01212207417547
3158.209995984784
1239.3672294191526
685.6693272114467
160.8631884493561
1518.0459946763758
457.1560868377511
2304.526321119971
2919.3752332714153
439.08769309481954
12175.404639560384
311.4472860947348
3064.1280828609843
410.8092638686278
137.53990547814564
243.4387150628492
721.0938940957035
502.2127257640618
1113.7348921920643
170.66639000331563
982.1295820893416
7309.692067117446
9622.264638473134
1148.4381976226255
663.6687746736203
2785.208629039937
239.8195003587289
479.8659845319575
112.91322539995762
2359.155975365712
2355.5039396601974
423.9210127433335
628.0391992932732
978.0788702139498
1854.5127271325512
1224.7055995794676
746.3821679535521
460.48666077022074
1264.87970307938
1218.1848106285308
1993.586846026374
932.7495343622983
257.7728873552676
704.9132057678986
929.2904745545227
1011.0064507790506
1344.856853344234
2713.600211474221
156.34736559815286
3455.4092639036858
576.6592810727334
2660.5066437474957
100.12375723561506
1227.1925822164965
539.4142538013069
2070.2097373841766
761.0496176196691
7335.405198713484
136.47648869441474
1097.723448554222
3681.4749606890464
3743.8489554716402
3760.7626873716995
576.5616749808466
942.1372662217098
7083.521399307746
2829.2920767204246
333.2323463496323
1099.2182629263937
4517.391420535954
3068.3616953989244
2764.0606680226274
308.8721715182596
592.4960592250561
1366.7361215238261
229.74792345068497
1161.7556466955393
1484.8168892943047
73.65216021590903
2175.2019905726174
577.5372131497147
1379.7125088339524
1664.9668910185267
6364.93043575591
538.7686907028288
3500.4749430355473
9.472419463563142
371.9450127461665
923.4446583268774
232.65681705623155
1290.960613294778
2418.944550856017
6522.025019944378
4270.185261342707
74.16363351425703
2321.639656859098
131.6944228959449
1157.5562157176478
672.2728660962684
51.24439609935916
1144.4923410327435
488.69416755710216
119.01666747152761
2923.600976898466
1992.3246107193538
303.59750660936544
963.573314540056
2998.600559015274
505.0032211600719
177.0074040417624
274.87120250117016
221.1796910575714
0.4423706045808551
976.9537225653658
8011.858444904574
261.21396619336326
79.19201724019275
2067.0515329940686
830.1327976479645
409.7266576351566
19.717944665809117
178.2879842235352
1491.1759604152364
4404.5973609526
529.3674309990171
240.46891601082754
309.86229140812503
336.16479948680444
1418.2002046576604
3010.691269021615
840.3351805920445
2146.9555926375006
388.975822319626
1883.6639227543528
6.565392316792984
142.93254809650824
2353.799018505509
717.6064546614236
196.9746581083287
1185.3732645995763
216.8895816672678
248.5635597880953
791.0922897231942
245.49507775081247
1446.012983650846
955.7372838163269
5046.254177351771
7903.275317416458
1365.6322816874122
1741.5038953117469
427.3705681689277
355.4224716164511
71.5431856469828
223.4110742673101
7.429012172699423
6.23576551356253
6416.216471340786
0.8472200334286306
7211.644093363024
2585.2256266313934
199.25927512821627
665.3084057043568
2043.5773821400937
456.77292653983903
68.88527971897761
2152.264960248251
295.18366865707304
1137.5446663197454
494.2261932455061
258.5352820776099
42.197135570853916
4.458478232394203
309.8426828843981
2811.0685695204584
7334.331506032788
116.93769604641524
222.92962578547292
3482.091263340226
4021.930205984825
731.6847445074326
5879.898471681299
1814.2178017020449
1566.8006789650747
409.50267560815325
210.3208377788879
1057.8607000123698
4223.191727220488
823.817294048168
1113.6415396546195
11809.065338743818
2353.0124092970063
3258.0668116618863
48.48894119532376
158.29500974199328
81.81468501514688
399.4673500573032
2282.054654438015
487.7902431932313
184.79576322364412
6410.880132865248
552.4680967408102
51.862853491058125
5636.248200652183
192.86502197771728
1264.4705684525582
49.228405882062454
3938.988521107711
3010.721418533735
537.4299409818927
277.2812951020498
1362.6669110648916
586.8973147263756
133.53477310841245
17494.09934202868
498.2262328396381
736.2243437421201
1.5159424956445733
1638.6278251257381
1341.0626849546413
261.1497757783132
82.94840019175132
5113.6499129467165
420.3855992037764
546.7862493825914
728.7830562127118
108.64746275137671
458.4447514818013
5320.316681210357
458.74614889011013
163.70895136227358
281.1408063478793
5144.630531067862
4075.342757690037
1133.4389612636442
32.254831894051875
669.7803512110135
49.99379944040649
232.78049662021073
1194.4254129299225
1496.0960777214982
25.80088007226866
1633.3567582659691
2091.5090920875514
2955.5754736884433
2029.796956777119
458.7159391537088
983.8600192764835
631.6094054124699
338.20588811530604
6468.272030741041
750.5681478477411
148.33685142316978
272.31462757675297
680.399058483061
1821.6776220334907
2674.4648940593142
672.5388288265632
5998.690175639221
72.13947670612342
1403.0857883238546
646.2612438279169
3427.169162558785
64.88065612034744
3617.761258418706
3817.869950126529
1300.9191593814085
95.12909772035894
3587.7549391987504
1123.4620423289155
2123.486057248769
530.4000137817067
669.7271809571581
2603.0328933351775
376.7494482048606
93.4348598138901
165.22771521582104
847.1587989557272
52.458955187040246
1652.8081538900508
2319.2823149294604
1034.6820662532675
1050.3812513681487
153.20671978982236
166.48155479813687
197.84487613355716
1070.4198939149535
2137.0491513226007
5844.571339204885
607.8182512673113
1261.6505477827889
263.08808035888643
2283.7381308363656
2334.672924356862
1434.470081947059
2344.695948772235
1293.114370954429
787.9389465347164
1.8557491443638163
179.19193932349754
1715.8738521529604
1009.2945362290218
487.3789594653455
2790.0633710074117
2239.738209539255
521.3269949325472
6055.256080112992
1474.8381060015304
2822.9659638688063
92.84517560050887
4570.645867851009
5110.752337397029
28.82397602668174
731.4861586745325
44.230177108917076
1777.3209568093473
2295.03729990046
1374.7507664220393
223.67445873258117
1365.2724766016977
10018.84619385802
3330.7132408878615
451.9423605760298
272.9978093031882
499.9800152273415
3112.9665533711327
743.1084380563613
71.03826367220734
1580.1065530898995
116.64800672949171
8084.6550404857335
250.61003299767793
1276.2952271841543
273.9714729740439
1167.7511728499069
0.8083202752362517
1196.4577646279117
407.81546345890484
1500.4649726070074
7603.7008407336625
1059.7899828683198
130.54676202861603
227.71417694990026
46.27930907147304
6622.804319846709
134.0043637641508
2509.5770237958945
794.925279044556
488.9567942738315
1428.1200436222164
7135.953006347895
4507.185614015341
7165.466029551803
233.03176289739548
3764.5450894484566
110.55561750479282
14497.764240284529
2194.3554487690144
983.09587723584
585.4961435505901
601.8225906223252
181.51611924340781
327.2764941001482
2360.0885466054765
248.38635788365647
244.2610300923742
8969.97178133926
105.04738396561741
1473.6738980232756
285.0207540765259
270.46686245394415
862.0731197394482
4442.498618521528
218.80713031782184
98.55298016416825
2715.9054008053517
239.18710923189758
29.20113936309976
359.58373083088134
2337.328109309489
5534.119473197052
166.62085907557244
7579.357728267777
100.5973589942144
2829.8161647193674
6001.922940398796
2696.154425574104
335.38248542572813
434.1057175293539
6351.901095787838
526.147236450436
135.56933226188673
1278.6391154390287
834.9303526951402
797.9159306508277
501.6289184106237
288.5862396244332
1447.0407415947295
267.85318244046954
148.65042449645483
509.38029350277026
294.80523510029275
730.8900227493531
296.0510994689969
4307.960738626515
1030.5844242647577
2884.951084381482
3461.3629346879284
1867.4176223825723
1746.6989438045143
983.1033418841839
789.6020008791415
4274.9093450662685
35.15721816238493
1756.3893072661485
5152.637763688839
21.904679007600514
4969.582681659601
336.38213063948984
1249.1501903266756
2599.4111427472876
3135.267257059682
442.17283003002984
325.09468136512345
9483.943596759802
4636.131299666968
149.70789749387814
939.6042969268326
2024.5464268949465
2032.3392089620972
591.4715199906162
3391.93589894875
4772.672910946374
353.74619980190755
5997.499497338598
1324.8016430490338
2907.6351367077646
942.3053908305445
2774.8275291085147
1913.9004873816923
7739.786094555424
2144.223094957187
2331.2363304279106
3340.560764243017
247.15088942610652
513.3199789700171
377.41605753984777
105.78985367999394
2663.550815777083
133.49729585485636
2089.486214727032
1397.2014859507608
1966.7126515992895
4116.777893955925
4357.022893312146
610.4734805896906
165.14031120637983
1101.6057133349523
433.9305517482406
68.1452786151504
3060.482716157742
3576.2584350852335
3733.023228884913
1664.7764652977125
1029.0692376036413
1444.6081674945322
702.5472067725635
885.5052647799844
644.6012036797177
58.741906798753796
1449.7807901626581
434.90414372128197
63.05174093528265
1388.46822083305
2514.353396170843
38.134702346837024
3274.0632703703977
2087.6148349283753
1011.6290100210867
165.65742222772738
3114.70436172423
760.2965448600285
1009.7595543033133
16.006814638080957
2305.148327931994
3600.898190463808
3189.2220444554864
4191.680797788644
1124.5133829621445
798.90574727427
817.2592703129089
299.50307136882293
956.7320500042941
1305.0692595330315
13708.749097484808
331.64808125990544
5937.735440726488
139.5333477532734
3.8064001604110054
579.2528475597303
787.8050806572556
4388.690505473103
56.85625112020753
70.60356532397893
478.7559860032542
572.2858278505161
1113.2817754354485
1174.3926933993841
9329.453160860023
1471.0803868593468
14116.175703641185
806.7005521465886
4418.85023600338
25.17123911175423
1670.9103293122585
6449.380715157826
577.7974941371999
3046.3210641438754
3653.485446964422
2727.9782300567713
3520.0676463784
1457.3230663694646
328.23580377858707
160.1811480128723
118.16595721976242
533.491513633011
6901.449813070649
5399.939216577909
172.33913247933774
412.8695234494883
9187.145882510094
2605.9953880719468
240.1967214391454
3406.541705908073
15869.295146984352
101.7981446048588
4147.231112076765
302.4803396762921
42.651733684939686
2757.825457450036
2780.3076145638483
24.500289174445022
289.97917387839635
1369.2292807125361
5610.222298152811
2966.714860124131
1366.7806379405679
1011.1821647389663
6677.498046217445
359.81006843732735
3007.614228950417
22691.34013479057
50.31811637102868
2171.2304642749536
2172.1412977520395
1255.4691330529554
1229.2163095394603
1382.9547820285447
502.4997122883401
1046.8183058527925
471.0115997396569
47.91859630632889
3754.816502977398
1842.4295460226058
18.71794277492622
140.96117414243992
185.8676894759159
349.80107353091984
1112.4709413864452
525.4643603947118
1841.8209441575018
1746.2725713623395
4168.893798623996
2833.052009686099
6681.209513396813
1987.0065310076402
407.2291262977812
552.1014590118334
7373.823955714897
1313.7940599988963
656.142489635636
642.4025326297378
3318.108523403207
2352.4275512775807
23.474776270593356
197.05694298064458
790.4487351455325
1285.7817111336822
257.9950448211354
168.69229631936156
869.7400425353496
103.54161232994929
1306.4997527421629
308.99986911792075
1849.0950914933358
60.44144611627722
3078.516163169698
568.995855376142
445.3083127273216
415.49834211722646
287.971353136407
45.82948259471698
2710.9119653453863
474.21308394878236
2300.116221441606
331.9506690081853
5112.286374185515
3206.2066824324666
520.9483357224376
2220.9075121467527
1307.5132582704541
768.890123403776
440.20153491916017
1322.805846287356
426.6110288176694
706.1580489045705
366.8600770864172
4350.88853063399
237.2758540770903
269.6239548691581
1623.9282559211033
296.9601613343365
175.3204734084024
689.9088520784136
4947.753984435632
169.63780424112952
2024.892620754204
37.65411520656458
1769.5338622585987
2825.119410562493
1206.1045933305925
491.518025611215
564.899627455695
1178.912586924641
742.6716666853572
938.6513832858045
372.91243718403643
895.0202193620082
181.74811272977377
146.77386729671227
2048.5307196845047
46.021337768886724
2156.4841962743662
187.5458841194222
4038.5577187562644
121.00535809410617
5309.971740872477
1359.0453896843878
7991.338033429107
36.10864675420711
1513.6265143319117
454.4211372251472
181.0045399821547
2643.9700814146818
3580.4120890721933
67.0784585083517
4066.2924532795514
758.123955562473
39.72529546422132
3120.857178524261
368.63448308042115
1343.3466296209783
145.83136384503925
1633.3210347762583
1930.5948956890306
3482.714595858172
1187.9225789384163
310.4422047586763
1049.2367167154405
2516.1786618927986
416.0248021131796
364.32784511744035
32.59307314832371
1016.34033631256
530.2383699851476
6374.317883566061
450.4679435737846
17.998964736443135
247.03600383254587
842.6379661268468
5720.832593456804
98.37624995548966
145.94526070723646
16789.567107404266
816.9150395113678
1553.7089304253016
18040.130322996807
123.61642387942462
5379.652879298035
177.57557532035452
6817.267930080384
92.76345688076226
1026.59155575322
339.77846780557377
1193.3376336081712
798.6228928311689
2254.087795661619
2499.6673089928145
78.53861382852712
184.0288747623653
432.3304820096463
3661.926564743745
1925.9329193487606
1196.648501197517
1299.4435735135257
32.76422749008967
143.69994776255447
527.3072459208383
542.8148435774549
221.19100579348628
9234.9783957123
168.67442564417746
2519.5725057686523
314.556504766228
143.48827392182127
393.49776839681107
166.40001028207507
5811.824089687024
191.70370077864484
3278.12987878382
2242.538672803607
195.16465894292568
87.08918291269185
417.2379971374762
30.430820084437205
1309.7475646566159
32.124600617733364
697.2311047273027
85.98035849052278
67.10923913975097
25.607538563954257
1794.001159526748
183.43065989344655
2865.924015189503
119.71178950290762
1161.8527032670522
798.2609651404515
1079.4582532645647
82.00813624785752
2454.1361153306298
4726.796821913294
1440.9138425896529
856.5934677345676
10911.834953318046
3759.904026322014
22.17461357441053
1134.7495023191545
10270.32427612765
90.79563716754002
1495.8044659438508
220.17598381952607
130.76720210022376
1962.0661542642415
2001.4895061269965
1111.7228507756427
1471.3618094948533
790.7488085623138
4049.5840371332133
1568.7334972587119
1549.9134711121853
4181.600281057641
1749.2407908520468
48.090391717303675
1835.2696971938199
834.0002241452704
3264.132943159892
1915.6440824107058
1180.977929218696
2441.544746813029
884.8950925872346
2912.929078343307
223.8557614192449
924.425402882001
48.85168253789818
1611.8617656542988
1541.7334805482797
2683.879687300772
721.401693980106
83.13075955926897
857.183364498848
10117.01997395763
34.82016954446942
3239.9392198777523
1015.4195444244896
5766.48189639889
6999.753325009217
1133.7352689749557
184.89409702157067
134.60621159688824
3367.3235177065885
1663.1605233258017
1173.9664976129216
3561.052431925116
1096.2409035651933
910.7836417184378
2612.8061972845894
771.5186277636676
2740.3800320726755
678.1528730359864
537.8249864043228
1750.8802530426415
4356.006592099416
705.5367360045306
26.028581630022085
1288.4933190247305
89.73174081862156
250.58644030987455
224.83645933980557
4216.389466662951
6110.956333680239
5073.638306139151
619.4489123125479
347.93083253075173
305.4331704402058
1541.2188928293324
107.6560446110153
2343.7738865617507
584.5959376115318
1062.5395886495137
1358.001866695102
37.881440445242106
651.8451599573982
338.1291915461104
164.26385548879983
300.6787840311165
4547.869049663822
136.11127471809814
1120.5344383736326
167.36290046617253
185.33025712859086
79.24453185130798
1869.177745124273
299.1550874056004
608.7560534529746
890.9978684886744
896.2973477559033
5376.2808312992065
1052.5687208014056
110.66099623086023
975.649218427066
501.99664608855386
6027.393494625421
560.6002215253425
216.72635406339015
267.13791945222056
530.3060448796026
2396.6100928809133
999.5426678017783
2263.900528635421
5882.321392447009
248.47785900937726
2591.098911769807
2468.8670459025675
2679.2231963739364
1302.612226362565
858.6891012602016
9824.981866381866
2822.25431568367
791.1238358527805
1665.20956782944
1465.405325681124
2717.3478274002073
1292.6383851331714
413.8603961749254
3372.9270689509704
2727.183652041609
74.96058605420686
1531.0843205323388
952.2655653738665
949.2140319647513
1002.2508082427106
3074.1111555022126
2088.595794523329
555.487236727259
230.9762704859608
1166.0221012720574
8032.439661805791
7072.586173970419
249.33486467665355
2223.34867769326
554.5144754920184
683.5958339697745
6538.083092957026
3314.5340849501936
54.17372795446518
522.0824574499017
285.2686607748622
760.6324481984173
4054.924359829492
27.706920020698078
2727.588693920502
684.6606918401333
3380.493708548382
20.261811621102854
6765.096196252351
136.73896966353016
3169.9141861961657
2432.041012590658
133.42405617740027
653.312960086383
266.8536311640546
2200.320866223726
816.7568706357708
213.36396927614797
1957.5193501810695
4479.319445290219
14517.508554534064
3981.0533361290145
6173.427648800555
674.0319012245477
1887.269154142457
133.23807731443483
144.2234685440913
250.4396706998313
499.1493343394437
377.9682864334499
171.5476855218001
231.80719530473402
779.5573459493887
6152.372249677718
4964.250560154726
775.4582820272083
449.9720518952199
63.94164790015644
6674.112240200448
837.5783013497728
708.7867231895361
3208.478035954865
9574.106926267978
2832.7253676639352
2971.083758398119
3620.3065926500244
3458.1959659795602
12.189640184889772
471.77579452784005
1064.8177195591302
1513.3150257674477
225.79221349942057
226.88101868273412
66.69781509776041
926.4436368768836
397.15162456681605
942.6748851681377
602.3340662283938
1484.7144040322835
491.1775648522188
3.7600119225267292
1864.1392968890113
55.67527080144741
1240.8004612428635
1665.9481105186003
2487.211757097352
200.82589046923616
1062.5138297834512
5.096450681063569
193.69426900789355
3765.8136569518665
118.41455238730259
839.4696129518819
75.03690046088974
334.77970636227593
1377.1868853289404
6283.456790208619
3406.840044484272
6102.500249231002
11517.545364425008
2776.6177445584185
10488.473635371287
3418.1383139398113
190.19948099525675
592.0290223223601
208.6968023103486
297.49476053275714
348.78299247371734
3261.3584845008204
215.37715791680733
535.7778131121815
849.3825146823065
4.241642064461981
950.3588560713538
3071.1789832607474
7324.194682526852
10058.402367706009
427.73485859115556
81.89181290426673
3831.8067750044206
1179.9059039767412
5518.337704278409
1211.2623089398421
3483.580254463681
216.78269910198057
4491.792693628172
2008.6584844426936
2337.3267055729175
566.3802110435379
17032.60537209317
4179.851846522808
52.61176394687483
1417.6083542966956
1118.4530685980133
72.79186782521707
3361.1914898446503
71.63185953739104
848.0324418256303
363.1665267185391
6337.408354916862
254.03046010026299
1410.6752011178392
98.20618528697534
909.2223471823812
229.4998694582606
44.95899987460028
4693.845555491438
8768.083863726384
359.16385183488717
340.04963090005225
1142.6513213000367
1790.8378696387394
3385.354392205753
5171.518664542452
808.1962812373944
951.6690881945067
376.8960771915575
5116.89408225836
227.42015228244261
2851.788846224779
1227.5401308721734
13.829949919397233
193.83054690120804
590.541677790557
596.4736799420111
5117.64947629879
439.0482209679081
339.55967811900575
86.89947272350062
37.245456381262976
400.2515730772926
105.16379147399446
835.9378787852867
117.67298270731752
285.51678399252324
277.4381311462348
1590.09914351137
109.2650317123911
5058.678033306463
4533.017577888354
2678.4487477515163
522.7990314065955
7882.405430036332
539.5850833894156
688.9699234684632
279.9071809371778
342.46593246471946
2745.3669961759574
113.24447496210422
3131.4095519249017
399.6002881688887
12963.569640797823
952.3991326577885
261.7699263459894
1912.1844192751425
186.7316900357907
6718.645588288263
180.1333672399985
2263.813896101985
3296.2688329353673
4537.6417598237185
1339.2029644290537
7518.048396343135
4036.531171590541
2328.4417745856213
527.9226534794512
77.0899376786649
147.13142930141697
113.07497013108846
602.6175029101744
1468.772041651545
685.441092452832
15395.179213793252
3055.580739933128
4556.186894971781
10821.027647133751
1962.86783006836
2672.5067219685484
893.5131543628904
128.5642305396073
6399.325496741226
11133.480461674195
2461.237581619169
13557.495886007642
397.2079266470918
1527.4768277272033
6886.123184919191
41.99032461966734
3114.3441928717984
1423.6644137522126
238.7003451281733
4232.20766219522
193.28503023567922
7487.965452803658
2723.96937656848
972.1987474792248
375.85923478588023
2269.055701702394
650.9816490174791
5176.643419625771
192.54635444581058
697.4056558998076
827.4906569273321
11242.350479157803
102.50275140241128
998.7747465925678
2133.7887996840664
294.6752868507763
4614.561378940396
1248.2417322255967
2461.3994904262636
27.18052272183691
370.3727726107609
21.134938621891752
633.4772349364082
3893.3793389681505
661.5399250157084
2635.8804298575733
73.15861628368614
894.0336384318792
1310.868727550518
258.7528655312532
606.22753979801
3574.2358092580416
177.38772199450415
127.22658065003057
2796.0728018334935
2435.148580944635
3272.635685416847
681.1706660909023
3141.9949466870435
5977.8560247830355
207.07092767079382
66.88595713562063
521.6057869643631
631.396853344901
1596.305361629624
4236.583261181681
3964.444794783084
1062.291020291539
25.686965400550932
116.43487801713536
59.56337825866464
12269.356764312035
260.8130039604695
4126.493367011585
2596.5467687137257
862.7889511831132
147.06822215420078
5950.901999572123
259.58073416796344
555.1643146749718
302.3704289396911
1979.6525401345689
448.64998164338976
1175.8914155993727
5221.75811718596
1505.7998080465484
1363.3924480282112
23.026938386716544
512.996392062326
1222.2183178563716
555.3195539225509
2545.343390995125
23.093323739986626
347.1215492648061
2935.3184333581917
706.9071637144652
569.0879662472059
50.3764288893982
54.76375310375925
217.2645899601533
1800.8412660309614
8356.890069912692
1464.3696385951755
55.85598279663762
51.514280572773075
142.06449330494974
476.0542037364535
271.1946217525685
26.386202402473025
1181.3265747468215
3002.9326143606872
4907.788014610082
2002.5901214897224
279.611417936565
9.464877342357791
675.3048720181565
86.39155503515906
8181.2697854032
1884.5771646215926
2893.403198031974
297.09194221915203
213.08779072151117
2966.71331887961
41.5466705598333
200.17969379938495
669.2114768618529
2794.6498486199566
479.16108225579677
244.68284204897105
26.56466247692446
6946.688490152253
53.616743326811985
6447.873106614599
6714.838753518471
1186.6160275955772
3037.785411948224
6515.793399774572
159.00280549833167
160.38105364583055
1112.9704887097969
4.493073669975534
540.1324879853786
2530.5854912036407
1379.568870294079
174.94797876808076
924.6846385341123
204.8755193744145
1409.3515045239924
1489.692115420882
572.2328862164505
1086.6197941842736
687.6109573358158
141.61556995649914
6.415538273052412
11132.186984282787
6750.483821146924
1377.2579371059358
638.9858143153515
639.2907138919601
1806.4287945868118
1225.0677134804655
123.88451854044024
5.847352207721812
449.2342555726836
6245.4633059219495
5717.3485896453985
1815.8176915887948
4323.199165174874
3048.6138005749617
15889.47085156458
605.2935547706362
489.30219265319596
115.7440100366447
1007.6275956617642
474.53152331624614
3858.0416385802673
488.8797351980334
5389.5107946973385
3824.6600785662
6037.756565752738
285.4755096422412
2069.67410622817
650.3005562010555
1670.600007675216
6600.056185446457
2042.5590178044351
394.93519427610255
1231.5441678792504
584.940659136346
419.96571057598686
1707.493845590302
269.51269693392675
474.53789865860017
144.4011212357599
1768.5150576385533
4048.4035926275583
10183.814713532236
3003.5465831748766
13718.45737802817
613.1459904493486
141.53040321362997
1086.3595417257122
1387.093385182614
2882.7599729591257
3171.2952072175617
6095.24727841838
389.2149106974552
2650.670056166726
820.1209402929677
2023.870704165731
19721.224210320484
2634.4997908849587
140.15643729619055
9.496657216845339
128.14383009401854
18718.285384249513
1219.4618013803838
2892.312576153122
2366.423886699132
2223.4870444599487
1067.7747391950154
149.44033333502693
4323.690690740478
159.40525301449958
646.5782429163736
1723.5910679223032
192.64992673947435
3970.231284610648
973.2520814544565
2398.925060082291
545.1207786629997
1509.9464195900136
503.31146424382746
458.5934886442211
1242.281464212025
718.5407123423194
1787.8058826102938
57.03137076528142
1672.1868245317517
5591.873931969671
5509.045614814246
6169.041082719995
1215.0078988428347
1025.0221394978332
114.20376384552178
2600.598493341233
101.40704029996117
149.1930449903811
579.8595678965013
1149.248179273643
158.8299639631474
1885.007701721675
683.4619744757298
159.69645901746654
98.47357714870553
5038.022434199441
4985.012588463612
1304.7831793106534
84.83365064951842
5623.497018340807
2059.855026632296
686.7651128323215
12.455964846691536
2462.9292796992554
252.73997697878858
5360.496971452311
250.5970018923831
107.31769776918254
1007.0387369949362
533.7887681701958
311.58564796973656
8038.493070686748
2243.676499116476
1589.2826109331959
3106.5054884087062
1913.3759326440902
8526.363129850723
2652.987182352451
3293.4546004068866
928.5068785794825
2238.382271196726
4769.961853594451
3281.5669989771814
171.06131329571727
2922.9867750372505
452.00878213480513
1160.6871334376879
9463.70748566907
2899.5631467195635
228.30291192194042
5197.277465946248
76.96114964901301
5505.579604608435
210.4293542476099
3926.1978770477544
583.0037122940945
9057.109722498191
9800.25320050757
1055.4009107037632
13.102479007176537
1525.0118050254891
1324.866294594884
1196.0161730523278
45.78419973955139
1198.57784255486
684.592571167919
2566.771619248687
219.40243731238817
2651.1883941640835
1722.255408523332
839.5847101385301
6179.0378393762885
166.0039203148278
287.56540947475486
7535.3353098808975
7789.114980349465
339.2646095019325
83.94307736991902
3523.83933763849
144.2854519311698
3073.698375611178
154.76770226479087
1077.340281389605
1455.2506777278152
377.09214367773745
62.66729527426573
1162.716521587559
1884.5436670583138
546.7167429663689
205.31028175330147
2944.936111591667
1211.3924854639358
17468.072706771243
45.50576651497495
4195.451947021178
2830.2208820444985
123.6856678353937
660.324512332755
737.4204927277361
135.84938840845996
19.820352862409685
1914.503478155871
681.8302115003228
1614.0237785949307
451.9661751463455
180.58835085205115
34.56246750523917
2552.642847332509
2246.893070493172
760.756716702593
1877.9377460175883
3667.890228203452
9846.735786463945
1614.8189310732253
1529.724859940773
791.9319035413097
6412.7119046173075
646.294375976475
3038.2675373205047
1496.868906503701
329.3420707665029
173.57605465503357
3463.496055555149
268.80048839342805
2804.0144526691793
1444.6393656186717
9986.831367580207
1143.2812732497077
297.64140507467783
306.36791851692544
136.10207611142178
125.44704609304125
2206.6326511447796
736.465516554019
54.34937310260235
203.70549238902802
608.599858034986
3036.650148386999
2625.72403081085
586.8577726651391
99.03352402926835
1633.2972499231491
694.6170969557297
168.55055175643008
1504.1684405557642
48.39002471793697
814.8355797353623
1075.1324075348734
2305.1577855661585
933.0294855293909
2237.7063707678335
950.8949689005619
7.361797451865826
701.9590515112029
39.31442618873015
5959.772310804112
155.47321734317165
511.96200291639957
757.9958722874758
2360.1993117841835
1369.2473330175758
4324.697889381057
612.1890567123645
41.28165607892864
173.6445242778939
5870.948301777456
4325.750809218398
431.2851673824003
58.97391039904054
19749.611254581003
5556.223880130762
1350.8500526703383
1318.097833945042
852.8655669389095
7347.399837989977
2080.4369092249476
12766.389325316519
522.3249159990395
3334.237185222466
94.73778775833664
3072.425244127941
61.756907413701434
1918.328388048396
6347.837548403879
5235.0908006634445
1494.2890584655588
39.559408461675716
2925.657073768084
1928.4774322069875
327.10789583207946
1608.793093081784
1269.610664531473
1301.9485014732047
2920.516717201482
340.3098397732562
1665.2627833698807
1453.6605382769685
5172.584131300317
26.61658253323429
399.8322168814572
2177.0887163543252
693.0304495922246
1681.7843215352846
592.1400240496921
1234.0022944314132
109.60525217831307
2749.9245311193963
305.73033387678583
97.19087313777575
338.7522622749772
2890.9241987898904
14.022677483871426
1254.9978255813721
5003.491852976105
1122.884979045824
1726.3488771550374
59.535356974271814
50.27506134033244
6799.654357267637
1687.8788419834812
7765.3741378925115
432.4086587789711
2426.0740161694994
7524.508044212952
3152.2163612494937
74.48884808375355
4187.371567416975
488.2350149570169
2422.0985342284007
863.2493516449235
2528.2379851584215
1109.0793115036913
243.80837210786765
23.717038641857258
3558.843471402706
6470.595025930259
1637.7701392777387
2826.6907312612834
942.7001248592081
49.15720322806738
14173.437301833925
4490.025003420028
360.4071814897081
4336.065945281509
487.25745503332973
1056.022040168969
195.24965733864752
14.845816373421084
1912.8185630504336
2626.3586770288725
804.0130636442822
423.24846640560133
846.2797807262334
6705.01329555494
287.53903670137856
2431.259038243505
7831.757718592936
25.336910455386885
226.01239719309828
2769.428515522787
2856.6565724622237
1923.7598666267063
611.6208557257474
429.94648908182273
54.26684939969783
5223.99686396805
65.25823749088389
4157.533782548296
1861.3595754721102
1425.7754197385952
3735.5794679637233
1618.9964928877143
129.7918969830114
272.02742313447993
65.1929768958115
2537.670926769453
297.6541408264533
968.9841254811427
178.53690839176872
352.2620250377306
1203.5773980975994
2244.2648852194934
2500.5810442733314
1251.8242839852478
1556.4195756172073
3390.283124612592
349.18508106790426
5457.382558599688
603.4752213568306
53.29567146962199
3758.6890571710496
3926.1833013606974
420.6175807470736
90.61062153697952
526.2957603177964
664.8629487296165
401.199630699145
9430.82044793674
76.88587203421582
4301.285772122998
190.0008522526364
197.82490862993996
153.65390673395262
1114.3435171208082
1244.3795745134767
2393.7623344538415
149.42800659767386
466.72705938672897
183.34800384979255
328.119664966553
251.46080153851668
216.49162616135254
645.7716083862475
3571.6635432780254
302.9305293244633
4348.623820192089
54.73589178747184
406.0440627335127
48.28317085544542
82.92734727135542
1991.8700763703168
259.5580628020455
99.36010155248142
124.68430584823275
146.69424750938242
388.43261292991207
34.43683902034644
897.5171282782468
424.54702519918453
6155.252497415287
515.4936866671567
275.7622079232247
33.94750504230881
270.3365906622568
594.1123214744271
279.2699199505977
69.27498536634103
103.18297440941038
1503.4308944970487
3894.824198951774
1134.8271243987074
5455.261851516812
474.99140306866974
1224.3281056967703
2087.827059812508
141.08839191523393
1125.178094058299
1620.3587587268032
1839.338602013796
3859.426933380206
1176.034789938496
1495.9086004501464
4.471727564736572
12956.822000685452
238.1126270846745
1629.7859394624693
492.6415051978106
1331.3101708470442
1124.0385456900426
863.3229844087654
126.04056666534191
2975.197911331384
332.2976262235211
278.66857526771537
151.4862045458365
1445.4823211317414
622.6334493109387
730.1936257284814
65.49519071638032
2.0065504547917
1898.3937213498891
4782.8137615658625
4704.741625585851
11530.468518700765
6823.288992410104
137.26248219974036
386.1509956267106
1398.9563857807696
45.28301147239677
3495.4522361164477
296.03537506489585
1649.5779780856924
273.1047129105213
571.6033320733671
336.9922275348047
876.7610204027054
850.4911936412562
963.9477845273748
2792.939598414912
1110.7850198382118
3923.2533455714756
1339.2705821793195
75.9277799827318
653.6828753491263
8812.073597816605
86.76442030007836
6200.340895738532
385.81164423818757
173.72330447399386
360.1039024440311
198.30782069749642
450.3979298957961
962.4891004801794
414.7127417204466
48.868744927565984
4953.388281118864
3773.9503801779374
6168.322980170516
2549.379902058435
38.07592330680176
726.1365874889015
5453.414889220543
157.23513290754053
822.4624725478246
109.07133132695978
65.49493729118838
6192.962699235327
9324.212229322415
267.89779545596247
10262.561807084614
639.1717014651799
462.0016260946991
588.1139188828155
222.70616472170877
112.61585660657936
724.9554494199284
668.16174262887
459.6412542765105
2662.392888446097
537.8389499681834
456.2322757362902
827.4803351221993
8030.561865576324
1649.285367226294
398.1958607279013
37.59316268274748
6303.407955122609
53.47034017469943
223.8053668512041
3059.9396192767636
99.15390038548466
251.38538288682622
255.16452972432768
207.9457737172663
4808.587271365461
7486.901371239762
1010.679392450542
1365.3305275931004
1221.1982698591362
2030.1551533952522
342.17483079268527
7334.5464101713615
366.1211873933534
241.8614724951751
4357.947375349857
106.93365743856819
2984.75975862561
741.7478120181897
5257.5731541876
179.64959348578668
3308.104195121875
453.5000445317072
90.50339028243704
1135.9960996869202
371.52053592051095
1356.0164990417122
2164.157334868899
371.93697236875823
5158.730613500351
5096.799975715871
603.2831052419807
848.3924421869515
332.5165419489906
1899.0113519624429
134.5605039130282
882.357079537921
919.5805156624103
3896.3471537715177
130.43774032576172
634.0695714088018
1853.684603462269
76.2951422108582
305.9838618906019
1591.4273620407648
1414.4756986886998
4351.44516644359
1029.0642698065567
96.38478037659048
2386.2200000094867
681.1537201193207
134.71285936091925
124.63220078201553
1663.5918565280795
14786.26589113583
735.9825705334555
1798.9915891559406
866.4071056337375
3145.78693582932
184.92693313778562
318.8869752447698
1432.4227527754197
72.30966901135005
10381.626540380996
460.6828691123166
143.3704368459021
115.54462006272415
3737.258292383583
584.5521474291293
165.9735861267997
292.38069568244816
1122.6274633747923
1113.0954723961418
63.172373272402105
8139.379653804656
14.770642842831805
2818.7290939355903
588.008223527181
1107.6260087943713
2668.604015914944
54.81623726124596
2358.507943421417
187.8000609125574
642.7152143704707
3117.372334689972
750.0065276999312
9662.069649049288
125.49769136800393
1265.225724701502
106.85711223519246
160.92922487301874
136.5764875289388
310.4141126513693
168.9688040533599
8977.943601790328
247.02048624474227
2540.1359756820452
588.6645577170668
99.75997392284164
9228.697555325083
7286.194562076565
837.9902414327734
2436.274244244796
791.6679102407343
121.20394806357515
145.5637843779667
1161.5228756287843
4272.28813036672
243.57786085732468
415.55336973359005
510.2566541242859
269.12702668286937
905.2753165733951
541.0458262679163
129.12247212253368
134.30412692013726
106.73379409001926
824.5388486216143
347.00652701491475
867.7221633550002
687.4858127739802
665.4066987648366
481.7497923562897
825.1899662785167
700.094367470594
7.769198451157422
383.38201801820793
5131.69075693588
3059.133819928561
63.23274485582342
31.517337470488016
424.84282661121586
3664.892581957624
525.8821883351583
6501.284452322863
327.4103128818706
1641.1029714476388
1005.3006145178234
2010.074024766384
631.1807943121029
320.56029405543865
16091.432019203958
1176.6339647811485
175.00848503793077
1709.114750945473
2807.523001326806
405.2885098256076
96.98606655469399
858.3404768875757
54.40148058366567
1455.2215653821033
3069.9208586935533
10497.516752440728
4178.636575306771
2193.683329884266
5874.917826195637
53.22041771537167
854.0924085399304
12.154863578350827
1187.62586837875
6.105215971075051
185.9259780363165
311.6865413651193
1695.04391852342
148.05370027037856
522.7526038059982
1086.689273646546
121.27162875690267
82.70667692699129
392.29486800684833
12749.13658360356
116.87342163398951
522.6534924841153
2337.8226269403003
3233.8334099268563
347.10054038087355
462.91099263102706
155.348048680759
1299.1865682949078
388.9577519741172
2655.5685385132865
3256.9791994643715
2172.7145221915657
844.6510747413538
5537.1933196299515
112.73510264911968
18164.965333991113
174.4421996071943
777.6798192505763
43.361726511492726
3408.7334278799285
2745.3111093213247
337.5991822798685
201.51187309277452
4525.612427192859
3754.801967582966
480.58305554569137
410.9670009598942
1226.6018337545813
46.78244515862184
1772.0635894583613
1611.0724056901947
1868.4335954493924
2267.79673694073
239.33034716422387
9.39645019210067
191.2160018838427
2523.3603483154175
375.4136289162435
132.35361900963971
4621.316296034151
120.39301612992715
212.04520050853714
348.9434756708154
74.98342734644226
14029.83802866238
942.6421228428627
2947.5752044744618
801.4031117439035
746.5297037518636
401.21242167739933
3174.6362968574913
507.043234641158
70.00329575163056
2783.976686800382
540.5083346478934
926.9299360727179
878.6043108086617
1342.0776380784428
1731.9060790691453
2347.4121092302403
6.468225771683045
62.62489499417878
8111.500553470752
32.16335665308101
301.27680336309305
3298.343592310693
2455.5674780856184
77.57302953158573
3917.5767770446623
268.2879297246199
4188.961918041912
4067.671653721849
178.9679190151383
199.38310523122115
2090.023869460034
2279.1077115471016
69.9766454058448
1123.1314772088497
2373.8117747667097
2627.948688106441
782.9975475812989
2553.827488734539
888.3998810336857
2540.0375846064694
717.128819443924
84.98867723425451
840.0784765886237
741.3808997447812
6881.272553364904
8213.96139715106
3234.6595009924763
678.8687608990207
129.91631257555093
2304.939710227594
1298.0198419403678
117.35755749723297
76.71994107173452
204.18809918418822
2061.834608927815
1661.9841880085917
655.8849098970531
3443.531409768985
4039.5231579721694
610.8751865592121
11279.51479955528
612.3727561550329
2512.399550893818
2275.8273629103765
186.8985725822725
1824.097927749857
1110.2692714437756
430.3509559172691
253.347926948011
57.7282255523448
384.2868436507718
2531.1171410041243
11909.34081624655
54.074241814772165
744.1059643244263
613.1033435961664
3622.7139205984304
1093.569501703906
7587.533462226926
860.3142053769219
2197.5197890028
1607.7228770336794
529.3155837281405
148.4541916668358
37.06852965031926
1241.8414011738932
2072.489989093429
159.68152822376513
1039.7943418273715
912.2752819629709
2953.832639792675
281.62368934359085
266.56926242325517
2075.5519839596336
1362.4676027330306
2332.812235345516
118.11721530906594
4851.829714228795
58.13481104411933
1596.0826922260974
3204.505406577307
18.68358780047208
4218.649499615667
1928.6911141078167
1103.20917296719
1065.7638597109442
69.22942048264159
1347.364973248777
113.36446479155438
654.0107135759365
1871.5192061617759
2346.6909412279138
145.3406134445334
632.7172533936554
52.01118870102883
9564.149897871566
270.2860214392255
24372.595093534354
1701.6446431241784
85.51290407310397
1467.039510773338
606.8596567690765
4435.587652928452
397.7944433661951
705.4136219502127
764.2059127554335
2217.427202184574
12061.638182629353
462.62499282594405
4580.348800328715
50.22628578276178
312.5034422063577
28.926105602256058
714.247438574378
5521.28341470235
3327.549067090041
107.36576720022927
261.7012741082392
1473.8512595249942
3325.200065595313
47.254268616103715
612.2155903684923
648.8461280833135
244.88862938392143
195.56331902875758
2189.81212966517
2378.0152676888265
2126.4064046339736
448.81657976207913
516.1973324059543
200.69312828153718
1703.2992786507607
342.1694431910427
1172.3472457205398
1349.5839620364713
766.4627261616874
2431.939933447047
94.35754060865831
2443.5240483905886
5442.34866281117
844.3752366169676
4214.803692091873
1713.4104293456742
63.28050321875445
3510.6145409573687
1576.2882374128262
648.0707370584593
976.311107327954
75.90999733270154
6581.263445334484
96.01557163018137
550.0965862646812
3777.8050611566696
106.97608158563021
3523.024151218246
2403.751296027945
508.29268269757534
713.8714644198462
1147.2597589425427
3871.520517363214
442.0208127052239
92.94190079361941
2332.280583204782
820.1028490572693
217.17943740132694
367.50585542316696
3482.9079398632
1386.6245389676624
82.33336126667324
205.18394533957095
2290.114304799917
190.54862045517763
576.184054895168
640.987652987668
2203.1881879322814
1281.3723244786136
6431.073341712679
2242.657582222529
5715.073351944678
15.691551757446298
5069.301977954854
2526.752604975013
1502.8881300609864
80.08949343397687
1410.2727008538652
150.7484919524238
230.71503785839775
178.11163621367365
1873.834219489523
28.933839095846015
1934.924317785569
278.7901324840414
365.6666564335942
754.0943134848321
32.48346746781428
1372.1265238586966
3606.1788930047965
3045.069300065517
4089.4657703161697
5663.621039612132
991.9026344588411
119.14050145132026
2968.6644534641096
352.57121865810427
3692.5147966555883
461.9550840736508
943.96784959907
1745.504686332222
535.9123507447383
1269.382232106997
176.6009100258037
2.722582249004013
2770.6684606730423
11999.281836574004
952.6839411945875
6222.821205580075
1229.205612519979
523.8516817040239
1536.0637149288814
222.07217824903313
220.8677909770307
1421.3389299709388
240.93704853930254
39.43844476909098
91.90826875757895
149.70271959171555
919.2344829494159
483.3757075467959
2763.971708503532
25.165160450768553
1682.984272275989
1437.4545148062468
1793.889060856202
86.16061361270688
1.984773171148646
152.25843994094436
957.7708684607056
3493.734373189861
1022.7910432884513
8400.783786126065
399.1068830218825
546.2352712621632
6417.3170199783635
1689.2761972139958
203.62365005892613
73.7531829170357
178.47565587727487
333.7931153678975
1417.7062899360049
136.3213675612429
555.971068364558
237.4667667941699
7077.624083814749
309.2818339308301
218.32092820917026
3572.843931341463
2179.457722150002
3170.3392534128684
1259.3871766933385
101.95440009778123
1281.3703123695564
154.63118488530102
2955.8657006856115
190.48051972008207
1458.3320440135105
433.3774813546021
745.4397328620411
2718.9761653349296
1574.3854143697388
4318.082807696067
4124.51996803126
2618.171841570105
448.5179068459799
37.853134863630174
2151.425964494769
7732.428646878153
2005.1815064680234
1703.9789736868038
1155.0243709514295
2357.4189590291007
601.1000891168794
465.7154480563253
51.60044484552317
691.3232924108947
65.05753642382928
3466.328740572322
717.4234732959861
713.8791485672314
41.49719862388545
5107.480779561691
1846.401690991495
1261.0967939560069
22.720351636262848
174.47166405246685
17551.908314018317
7630.669359963004
839.2868133133003
1857.277711622507
7076.708285269606
14428.5157884386
5585.7463401809755
435.13984303394926
1855.2501311471904
2963.99142595527
1472.7973364031866
724.5250129762404
359.80207348944583
4255.61570606191
32.694823492185336
370.75591568074276
5404.279891494889
380.8186015614834
2348.449720629964
5079.078715303409
59.142445807347514
1023.284640798805
3922.3490110649186
11475.189494394122
80.52158039923984
22.922614438003475
1709.9949061062935
772.8026664214682
250.01362393549664
824.733213153428
255.82132364119215
2338.803526836464
278.5176808458578
893.8478530752692
485.8329345720391
296.9544468362173
6120.84610644631
3769.4041374945696
223.5715634640867
18727.956466786567
9092.265827897194
1814.6867231587983
6419.35068572087
1783.658881303296
72.9077404647005
415.4079041866265
988.8587485768375
122.59215618755093
1047.4238437807926
134.69680372233395
1790.4229004014448
4361.517139736615
504.2124310508989
143.19017982227234
1968.4667734235052
514.6780925036065
188.7580334116179
173.87727240167905
190.0429831528494
357.3676930753722
1929.031392329128
2474.5779092786747
1380.0670087530166
134.2992005070598
829.1863436382663
558.5313308902662
1061.2961160963218
98.86688729620063
3649.6170451258636
143.8542335103765
1357.4220291619476
567.8619161641807
352.57570891186197
252.04398838224452
608.1143910965147
319.0758502337521
1182.5773670730232
3573.4373801219353
2915.3410849489082
134.64094941211258
1647.43661435236
283.62783943024493
85.81290472010616
52.48289719763655
652.0819976211455
64.17658520936342
391.93088587174964
2425.4803390811985
18.90521464588124
2456.7696941586337
87.97204825006233
392.2821232720475
8619.5064539756
91.32157535060026
495.34673718493184
7650.5749477531635
206.25247760552855
1672.3443963778338
309.4921755879776
2168.9231471946346
963.1154796856722
1577.3670425802354
8545.13784362334
2026.1204503454478
847.6103489664765
63.2988844418092
8209.952763323736
421.1180783375901
188.34992150107422
938.820800644058
1583.4298474910024
108.55784418860593
1261.2648149454508
2025.221857828352
2722.967962198242
132.71109002078728
2438.6691368452616
211.4226251690776
1910.4817974277544
187.75453134419752
5886.876137614927
775.5398825239013
365.62853165077456
715.9707562494843
1655.66549199202
209.26669582785883
203.88856378187324
985.8814006947658
1502.2582352825164
473.09567429942854
1939.3737578773719
179.38726290622765
619.5942261832732
699.9768431028564
553.6698737962587
3686.1633648697766
652.301451712245
567.8576108014255
3036.8304451861895
194.49481012768777
2866.7430623711575
4953.041459839092
1146.2897883034561
1830.3274138381175
2880.027759747428
2088.2548498774136
607.009295444072
1701.659746472317
331.92705510670663
4525.668072944289
1539.4242627537412
990.6068792391975
40.49417283484846
119.181552753711
2705.757630036099
4932.656791001899
2249.8584959153354
201.72856502570502
7125.1041543073825
2839.198179828728
270.8086477856586
2869.5760952090477
428.5369944171613
666.211736090594
89.72363408183969
679.8958503691499
963.2943559853002
44.179618715967095
3467.5606847917707
4245.55794443795
3070.995200578075
1497.7795934727478
587.5564477803241
756.2772314657407
2010.643151687308
308.8619631328116
832.8834172736665
5275.860359708695
898.109117681034
437.59944292164346
661.4037111008608
491.56726232261195
377.99372279901934
202.34374488905527
797.4594882367403
12502.624637424742
647.6891180514976
994.2642422692604
2844.1267045818176
159.47759675025708
1356.9907030694274
141.09703225019254
76.9363263420031
1216.036336230386
573.7315031137724
6657.979143933701
3567.811350821781
786.2657039497956
518.3070630205067
176.38635111777435
11525.142485884498
374.97367397389957
402.0296136196477
144.50924061431004
154.29717165476032
328.99954120612085
1194.6190224343734
550.8064479621711
1125.674613790084
349.401083172951
3081.547625769632
458.60383603784084
4415.119500923192
101.40210563358565
2444.7642221006704
2120.713591586543
144.54725503011412
73.51898176753969
2701.866395972896
750.7490801189398
68.76848399420821
316.85885325266617
40.06616558830389
2249.54216719111
10040.841636790554
4040.1341878720577
20.325865641324103
16.898161792056055
9148.471238235656
3836.536378675648
2136.6289269234117
1168.615588691435
461.817530414943
220.58811822524004
54.15758852023167
451.24255412244406
646.1691876371134
352.9904924771565
502.8032885154965
1459.0514268545296
49.88298556508619
2467.8014772319234
78.12950463161883
797.8989583168338
477.19316021122006
216.74407430065656
186.00402134881787
1474.068714108223
835.8232056295045
7138.8365374648765
6720.509579693367
829.2783290399619
4918.636170998736
126.05095362252516
2793.7609458866473
849.9434412950646
16.48302334491536
15291.160287282668
1480.4120979307722
469.70489686268826
799.0575550419377
45.25463551285913
3208.108362357054
144.17427303076158
21.460046266175148
7114.784097352988
950.572607998934
5755.547514109083
82.50172924814115
183.30288297184748
1097.2694106013648
266.92743082782357
337.62887086584703
493.5360967330382
1587.9588669926336
635.6722826963535
9422.427149142908
4586.788685657927
974.6474071422151
1566.2096674061377
160.26903366878065
1978.310004614414
1627.0087595235293
919.4658402992384
744.4823923711152
344.76149189375246
664.6667922017402
49.38712103085274
682.893909065696
2957.7989216572396
92.56185035981801
2850.5549343426637
3168.002428377903
1098.726235183567
245.74068609757305
2146.988901725699
78.55521030335488
8296.830899184737
1896.2007605338504
252.80392936383177
2092.4035880986457
1571.373689435962
1951.7033267593574
196.19372754641208
46.63098579624769
406.1415151333514
177.42463209137193
115.25679866190019
258.7078654060382
9195.82871601905
527.3281468461732
1443.3171085727836
434.07524017675667
4911.631749166768
3906.0549429801863
145.57298359286764
956.0286477125479
570.9716671605358
756.2935739970467
182.89203841422852
667.5391810069598
1751.6529593217479
4967.9995860336
446.26410942432136
974.7269255772628
100.17473460941505
1133.7854622240684
1385.043271390207
6344.054229309659
1925.287694077049
1585.6310594693168
1987.343173133327
1884.184277663159
637.1137422400918
319.835742051866
6644.964874166048
571.046071141601
6118.892633841766
41.43491395811605
93.69370727169147
6461.581463599053
1130.0391189599136
213.50564832522957
70.59983244337431
2861.1255481694297
597.529695528598
516.4024945375601
119.97219380909252
580.1806239119522
118.36483427882794
494.67336566021424
1557.7031472411074
202.08236917116375
2794.653830204785
7.370017040353449
184.631951429437
5761.324323112715
484.0260530376783
2161.8597904126345
135.56962342765598
6137.115782326252
53.94141608234815
3484.1455753694017
1925.3798561894907
322.5677927327308
10639.306897188018
887.227875729324
586.0093781298259
23.116761669550456
4088.6648572305066
2112.5581722152174
604.2036673182039
274.0619985593273
416.29771261730843
77.93609081961917
1166.772459145937
3579.8231515805523
6965.136641001656
440.4766016623984
3838.1986855393957
4138.895848575053
1631.6560253136215
3547.8425387074353
3086.0313753847013
68.73011982857503
449.9730080127162
107.10871548575973
3535.935898512754
7875.425551393711
1207.2654776416837
305.5248733675131
887.2481783048559
178.59563948515734
2160.1879665496317
352.0809447288054
1.2475274757894894
385.69949632850654
302.43994861194335
26.129461962931533
733.811842934784
11506.94236840881
2318.0869997478812
348.809862960775
2426.6519476926264
377.52892167568496
633.8632251424725
121.77179565115992
750.883310259387
695.301792815095
5688.767386875804
2238.77500315286
348.1773887476613
313.19300478120925
925.0454478885506
39.0117249547628
91.92550044155867
316.85815073209113
1523.1363081534944
365.5144277775468
345.6068181991401
87.24380634781426
395.94281617114643
43.093233405622215
10926.483638521533
14.104276880178013
634.4985368301193
148.01321850358428
9.134775808861129
1800.4200570988949
20.769533693909548
4017.8783869146423
5778.311166580263
871.6005443489383
276.5159392256966
361.89576403242717
30.835586800881387
1637.331475283843
315.4760664311196
685.3366264204519
636.7772869999122
3104.7419584029344
716.4139302273331
6.034872115623369
80.00041993532214
941.8860974188315
87.56816461592543
1110.3066984936684
33.19658660101421
144.90099623236662
126.82933126072493
171.14195338836512
751.08457438946
3926.4837187238945
709.0743634334262
1831.0965318942162
2819.740130073467
2375.0749843785666
14.750713430156104
478.8769043243213
250.91143707401952
935.8966999741814
917.0438689275584
91.676332880275
433.447948350596
907.2896717287393
418.039479461807
656.3269181142028
5525.755389194808
1495.068836257696
211.75072560258857
878.0954080231718
1249.396670485048
2117.7357777957486
1176.3988310650398
1361.2158394679884
783.219893860554
955.5896075730485
1788.9456961463823
1870.8203542242786
191.79707355653218
1974.1783158279013
1809.2852226136101
424.216000986688
2589.117579072897
544.8859854424337
652.8677899730218
1833.6315724639119
2570.224081144412
778.016839873108
1076.5639906584856
839.774286071604
15509.725578212398
328.6415299245893
1364.7655751455989
1139.84942124985
3817.6398295643567
436.36639412582
182.83774935725637
65.388422333168
1029.9957607252886
4514.665367770965
1082.430502151499
213.52643606293853
3410.423797321971
2109.2303892742857
466.59973558893506
11544.572604079394
55.388100798747786
460.6195473690344
3650.812423028438
1361.653756266268
15007.864491304357
1548.8234972058979
1353.5450203303712
1244.5735897880338
265.7819154005536
302.41945459927865
76.55784850036929
328.76165454462927
795.5608456433727
12.052172365561997
121.8888675886265
697.2316252678135
414.9361137677055
1606.3832412112622
2085.8079459382006
7.368675471253194
75.82822351462903
105.95099879165959
105.11512098568821
2602.8056024713587
2394.859538405114
5944.68081277626
1036.2121527028867
10.927021294726558
9.513330772470407
2000.3075777499712
397.6547339470171
1760.1602871339273
2902.1459191616027
2780.9103220313045
2848.097584795117
4525.248460802267
361.63240573179326
971.3083559021785
358.42873747515824
9758.658148991684
1002.7438887610929
4141.1585533909
231.06428009235236
3992.604253148857
274.80034340585655
209.61382322634003
1541.3393771740336
184.2102502939924
839.6848911972344
1392.212054320696
20.965568115294264
106.87161654564514
50.34202188175519
4642.766082227689
3079.087495883337
365.969697892643
352.9920142340881
1129.6809777151861
268.3484822364801
1812.6628959800662
398.47975428547454
179.70332084565888
1354.526504407616
21945.58161397837
528.0433822562713
801.0589478319896
647.4547549511933
5387.1002788063115
30.16901930534832
1696.2324245564098
2221.739397593936
6517.490222389588
392.28768318800843
1758.003418540799
32.726669720817284
2271.5593999794723
435.1646786824759
1376.502992477313
2954.80588317657
850.5905204194474
1186.1391198638605
292.4648344031278
453.0839973094669
226.12471703002956
393.08084206112204
172.09815218807157
10653.26017515873
2187.892749013387
3374.7759714607637
3402.530509516999
529.6374808715254
82.6627230402277
1002.071812821248
313.0096848356967
303.78317737390637
113.0020319112357
6355.873778312782
593.5734984812035
1228.7595160769715
393.0611640726056
1755.3768919730928
777.8762966112796
6348.175051683313
7209.973061220642
59.26635961195359
74.07466603283063
720.0784221132906
296.953352224727
151.71645126860201
667.3103241481515
1412.5572960141164
2205.3689504339613
1952.0446493687448
64.58976077871048
1006.1604332615382
323.6386891393828
1587.5048145125525
368.08518498550046
344.1405029858457
276.34003099931135
1913.5538732361179
9.453787390556467
12676.542063985296
3209.15388847266
1063.9946353468877
7291.732964654773
811.8117758750376
320.2852129857936
1732.7101378388998
837.0618920810147
381.89190347843737
335.8236333686038
221.46873790709344
224.27857310228782
782.7923087587063
188.8989012765796
357.50725980022713
4818.864518982368
112.46094554152597
296.1928966248695
731.8949165278643
583.6944806473676
206.64507715031365
99.44025824959456
495.39464146618474
917.0840780782341
204.12170100159165
274.73317419905993
132.64255158857986
16.160960346789377
849.7971578056207
1397.5865880134775
3076.9405833326546
162.83826624468034
289.0315689345169
91.26372511011338
1026.4466484649404
712.2310159547118
1233.2835406928311
1218.4090603896136
6.887550348122495
741.1000814882107
3834.185770823384
126.67465948291712
2843.616889057343
247.47123799344627
2990.3131171545306
1064.6320008116495
6231.0282293116525
427.4888651540132
1537.8086617619192
4428.3643431691335
289.5452381525998
520.0780511505077
3975.9182850115703
6654.544201198586
605.1438239650486
2504.763153115841
3824.2739751223166
17630.137597056608
103.98458983099657
495.2311080976268
1796.5376372952812
12.261330025264972
2070.356015635122
412.3266460124286
2051.9548771100403
2517.9124825681633
899.9741356371493
117.03727146689103
1322.6572355696464
686.0358970249391
1151.8766620176257
4.562514347117297
82.70872903060055
60.43076450792384
533.3287375150153
8008.335901677233
103.25765940387699
3125.5982177251562
1111.4922606770272
1610.4514357491496
6895.77575123087
255.00778124470935
3478.015762679487
13.569931630519338
2972.0104320415717
3532.9117191702953
11.25545373874548
201.32981650625715
191.94332671200743
9571.605328750298
34.92332601588988
311.5849153768502
144.0903365400703
1632.3752767684718
73.15690729642333
2053.9755561115426
274.80274227659197
325.6710840594757
35.336415594244826
3070.10704514995
2738.2114755421626
3234.5026569555625
90.0710854156217
1178.7772007049723
374.03645552610556
1480.066416233028
2824.2070124684606
102.1104855609245
5321.488883930203
44.07584920531615
1468.3295255685568
3509.8293201403453
4547.47042329352
32.023899529587396
163.47046300130285
746.9450517597065
4564.61394215747
702.0086430891914
1450.1240387721937
86.89461403965649
156.18877228443796
539.6608747638032
47.116475897501786
717.7072099919135
9832.946385088493
311.98751418166637
4227.149914652328
5360.446060375223
333.5462998955041
3.122645887498887
186.39132402185066
5891.098165805042
667.4612168667271
161.12867403040855
4468.008872761676
1012.8635739270475
2759.6707057703006
299.7408334594165
1440.9722164605564
3074.4945349158947
116.54559713075719
838.4039587883141
8053.972476596471
143.03137663597144
926.6374089591523
367.71694004671394
3778.6464319588986
5000.742468166597
6695.895680623565
1818.3397221711584
4560.648111492149
4730.637751939204
2151.5851791518494
4.712299918641083
978.5343036240901
901.8857515097122
132.73058286705773
124.44855554176738
664.8788254781101
296.2387423687596
431.177862543719
2632.249759249672
1420.5998420181775
970.7667895122452
3403.6592308086642
572.3077343137262
578.7452135308957
159.11876370228174
9757.144278230535
548.970882723887
595.3869718523408
11295.969144549323
117.73949252231742
1688.134300065869
1211.0465806502991
8069.043001457388
1503.644397661874
738.1352475949953
285.4976707053147
116.43227663095112
2467.2287823049865
1629.6878794810455
2444.9212377793297
403.6690027758749
507.827340515532
396.16779352186217
322.8738806318243
170.0015159954771
753.4799269430681
32.719553802240675
292.0691313623602
136.57822819114207
1383.4468854616478
1707.9986738089192
2404.457406705951
280.1790768394041
5.777160688125171
640.9645674631647
137.2322712815177
78.07386101454927
3540.755726571243
679.876461743778
509.64568795933695
3378.5708771277955
4666.879649461331
1725.4194110158717
566.0031053031366
3035.5623202063307
13140.439893478473
162.02363224074867
1317.7886738847012
630.8300148764046
198.69421440857903
927.41842622599
282.4929729999481
111.76032864237406
484.7812950322994
262.214216604717
479.7796122582354
2223.9206639370846
727.0217366265541
3177.9385251940907
1341.918227442862
2134.195558268959
168.15734129732584
21003.001145119113
1844.4178526942912
287.26392946126776
4007.5155729390135
270.91654524957767
364.134114376391
3031.6490011820906
1814.5289548534893
162.04273768364308
3202.760822351336
230.2418949451268
680.2480383957254
27.25300504405892
1869.9215505365019
718.2616136510944
383.82643717254086
378.76263877318905
2864.96204304022
669.93127584144
675.4147463122306
674.733981501885
3873.6601876367627
158.40369930106846
254.54761661459767
21811.714913113512
2175.1030362373913
852.1430849423361
948.0271087168868
250.43257997329204
221.13768514228082
744.7941080800158
165.37094690226573
936.0535712224838
1604.654852151577
9408.379291481628
282.1283271486452
1013.5319617306071
1441.4854933234244
461.8449162781757
390.37142479351195
166.51667660136926
2725.4011008650546
4222.740256811475
1413.4522589763887
169.9644484624785
554.1531744419736
241.69493066175107
3339.8939085428347
455.8076163523328
179.5304119999286
53.689317994276564
245.49597390098876
2780.5625609528483
266.1578127379771
1144.1491364362678
4080.4702637502573
1689.7620644240385
964.696136349763
44.676623889072786
305.7349445140467
612.1033701217859
983.587941556141
539.8276005920355
2008.7214091064177
309.7350435976032
1608.3003400533703
251.58633149394706
3727.114301067758
1392.829435873022
816.765615297621
763.1631329085731
2445.894750905264
3177.455351756231
3173.6176962070317
458.9006346597535
2739.6312410306155
1099.8546472999249
102.22138977782348
22403.542535510733
3734.8368834462685
1198.5940887902946
173.19178413813808
3104.865440851501
236.807618788637
252.67662265301416
92.54792090611642
835.3833471748895
751.790204399283
1015.1226199075492
704.7001028938737
411.9480444188639
656.5513705150349
1135.3611234714788
1225.5434415212153
393.55603926044535
1663.0023279123884
1571.5500559242978
153.25935645196242
1131.4050109421992
29.810544053820998
21.746842400560684
3943.697942767288
3997.267923715908
862.9185839947096
321.7191364138006
2679.6264145087957
2173.7508763959413
3151.6132566491992
6535.86169654179
5235.483365186844
1759.7417899690493
1962.1400827780965
120.78301963653892
1887.579328819533
110.91489234925645
166.76079155842905
3807.6559121272944
1550.9918011595958
464.26604995140065
3031.0290543265173
398.58253745576053
2282.973519260678
769.5649298808172
329.0090823948488
2135.0667866656845
3014.643201769629
