128.49883134995466
6207.499680656437
93.52537888137613
331.3809933883749
251.7599495995837
1424.1152560480973
59.64191061228475
347.1615158365915
2952.624587906361
7389.409936363811
4433.759767378409
1927.5184144946888
1181.9696879205587
833.3931482235157
2300.4169636116844
897.791930634606
518.3459641343591
1587.3468209458563
788.9677111412641
1985.5173879202105
234.1846859223562
304.15592957769854
2873.452292102152
1456.376599453868
54.77473411957811
2900.146028613182
608.3030834443948
1133.033167710018
1037.415267470876
118.4694177156831
73.31617313203198
25.140851823191035
198.69517665322968
12780.397728697946
308.6959646854015
31.365025260665647
410.97195670223294
39.624579023156414
552.8590883292272
2252.926350502504
16543.247465582623
3241.4694049456516
760.5616973099028
1587.0866960040253
210.33821244726968
2521.772456323812
23.410235575616056
299.5283140531324
5791.062047452478
2103.056891328203
571.5322160411596
9279.175016078621
935.6398127528864
4647.90180474064
2868.731295572502
13514.8774754
13311.368238409526
207.82714201458273
601.3190229572584
53.660901759788885
40.06427477132313
194.58602653756873
54.85507272640078
4143.388142720495
1890.8144449915621
2518.4381117513867
1116.32142924456
4268.37923852127
3032.6353275856422
1449.7903475039097
970.5142949547052
226.05924080909557
3425.0217698380216
616.149749201611
3066.569729056967
2838.4241827347
1587.3543362759035
1768.851286569939
15.96230825684497
8.820669416376159
469.98104488649165
96.90016140253555
82.41995238967847
8116.850248292407
316.905817208224
1498.1536788748695
395.7933678093717
245.49780273901422
41.78816874615965
4799.63424550488
4315.526504256395
690.5083330283057
405.58386011230186
6038.912633078864
146.85223740229515
65.9344095308323
1022.7684357339007
261.12032451274246
758.3708095096786
52.764319363907134
169.8858432564454
3897.0378217188186
9547.13850077108
409.89141056037016
6182.442442074965
536.1647581015983
14168.57826583875
690.7823699335846
225.33494004161048
425.38238912847027
113.58667346723638
485.45644570288096
151.11963919263172
116.03853777575335
140.51694700333294
7544.560998752403
3836.2639475769565
13305.804570187229
137.87121872869125
562.0541090120779
192.51446361664426
164.45415917452078
540.0386665425749
40.103240069766514
571.995505226841
1187.0804601621376
2224.688761705396
61.856320853337365
2694.020051297696
724.996608099171
222.27396961849166
520.4619572423463
5.996004910180375
4621.082800586274
17.55217268385456
6636.997489078878
3789.3474039600414
817.4841649864151
852.6325074286523
6101.701797979342
206.6884922783063
1638.393381173897
123.03060367149232
95.59340809797146
75.57810640265173
292.4582518541552
273.6871142674846
6119.269984988718
551.5559673491377
79.47620787860376
5.954309601641228
183.56541396703508
235.29594849048817
203.77876078404577
20503.915273649276
848.5852113378934
1078.509864335253
131.3177807626409
3858.0708724431756
1066.25143623158
157.2725006065867
1500.0458326375199
9651.145724355636
84.3326969316438
8505.719066438876
2557.0634014417838
7197.886785586115
4216.865627697242
65.29943732804799
3617.745177752085
182.94815727801785
134.57968065758718
666.1499489937551
1045.529807640333
1603.0863892781854
4010.367878429488
2064.90599897865
263.9689513595389
14.71666844308217
5009.255780970301
1012.7163687563611
455.8441814977221
330.78393082851545
162.9347038790918
15375.843844154613
8319.427576175842
212.86990066732292
2278.273595104163
6376.640255622378
4262.788022933128
9615.965910844792
14.410261576991434
71.55920100957447
2245.4756186750633
4624.158263641165
808.7073671953382
938.4698357809307
2800.9102088943137
334.09561818813495
11.406190178198106
1260.1783531997369
1034.203306614634
946.5015186331915
6726.079188209733
888.009242120702
197.82192004802468
354.2388111219208
486.4649069662996
538.2705950998212
624.9790768055319
392.27061693694054
1350.9050639968323
1349.5540317550403
170.95060179951327
755.158849952342
5282.778658507271
4750.530012294352
1971.6548436176317
196.75229537130522
29338.451477834293
284.65041956479143
583.2908739368037
100.99507722876044
9967.598222510765
266.977673808555
1927.2355150104281
14845.655920480627
197.13779481462802
3123.3526465389905
63.46163300541274
4263.042647610949
28756.043453911472
999.6495243265736
578.1405615072455
12136.170056010431
503.9524387777883
4743.082106428076
204.5545707417773
590.079090783957
8326.315031713073
711.6412511400716
143.11175820802546
77.4311685785789
902.3774759791659
60.85022963778775
51.64923511323805
84.66999420494447
8312.823684957271
9093.605515761727
3911.599877810912
2853.2037661272216
1659.2148526907047
40.38946193026804
453.81751159627726
123.98035330255519
4346.580893709795
2177.6496516631714
12915.325675080712
5707.41716680404
2162.4986090231337
5597.448670163352
342.6460267841103
226.52765686168584
2465.078464690118
429.56401192851825
290.0881746375594
97.60696418305015
4295.2419811944865
196.47537118641088
105.3181540615622
7919.148645299579
281.48975320094746
11.028155231740389
179.50676986251412
486.50862599266543
728.3513018952359
2026.765437885758
55.44650741348134
281.6212296217535
504.3675504341927
3042.672296519511
6142.432359800298
1825.8462277050746
84.41446103824023
2306.220964887795
888.3316619283544
344.10255215379107
579.0566099054373
663.217919258885
2467.5789999804797
27518.710079748922
373.82545296750226
3634.5662334331564
1235.8690068955514
971.6410683620946
353.7538732801826
1462.8404012453245
303.3849627591789
539.3667688240455
454.4643701922535
162.18857829125577
683.4787122674935
263.7319753106215
527.7682375325999
360.2992451518516
404.17702613405606
1382.0359407553772
1573.15460549321
6948.914380050009
61.63546264917885
287.41584833610335
3.268277799062247
14.935803306748152
16026.22126667912
411.27632845273655
6.9080421621237065
193.0507905985923
409.1082768944432
847.1352470634686
23.458973289969265
392.239774698977
357.61737608602795
7.389609054964108
1650.871821774913
3.3393225976063867
299.1870060007451
2055.697380794186
165.77678023824706
573.3116597677168
5820.232494555034
742.0548433863305
62.901743552457035
338.9552481234959
916.4509277997723
136.4614177136181
485.30460500154635
361.61381509073334
5079.571580252907
9855.898884772108
1146.177557612982
139.79720978419817
2136.4622450134043
6801.0741889139135
513.5703369302913
829.2856283863448
13080.66528505034
548.8587434544279
4300.757026311852
60.529208938631115
111.89432986563608
655.3328288126936
3694.9008420265163
112.46980939959572
274.65723909431136
355.4091754833677
651.2587240435241
181.81298538909596
17345.0933972622
1746.5548528132647
142.28097039915565
100.5057866122483
182.83131167107226
2160.436246516961
17278.494818017352
1075.20244454703
1695.5820401526323
0.581073105576646
1573.2941048471005
251.728495015624
59.85836142895495
87.3334588196939
2299.394926923881
87.81348801841781
323.55049602160733
367.04134553680046
905.2612586954777
259.70891360315164
458.55731805412023
34936.38143716499
1055.3138603609514
5832.335049846593
165.26091972457468
2265.6029758720165
143.3125144019054
2988.4366673793793
130.2221946316906
2048.232861348176
1522.6002585235433
5333.078891279275
441.4507960769143
8114.74140331876
1683.815308435288
4281.082798506997
3425.0732703978047
652.9484479047443
1923.6928377064032
20013.938479172477
690.2513615206108
36.40248527103651
487.69192781099594
178.19100176866831
45.927563951408956
1919.3352481733373
4688.098033489685
2552.2013591316672
16399.490482197256
3322.217168122732
111.0400081784202
6946.225272806006
22.43359738700601
8788.711864303956
1206.8540578606069
22.513335051022043
736.377251184206
3090.5876927214695
833.2096915302234
104.27308126524926
3106.6199784199334
2018.0508713887768
4642.634710136662
8839.779385503487
2026.986167641165
1258.918749080884
3.04020896296775
421.9297503189723
785.9443894833063
187.86060745075162
9733.173898649273
41.07287238166446
1747.0336357657934
1589.031305920885
5121.866591529
647.7906571752956
1948.1223647826673
407.2429932433841
6289.078209239052
18.394721399561664
1755.8202167410664
7326.175401702173
191.31471678617285
82.71152422898442
2780.965647748601
818.533819804923
149.48645907324476
190.09365807410862
113.29576421270637
2182.799035183969
36.12268454936674
43.06653547958561
228.38782882526056
48.39760506261115
2723.0760204077887
107.44507523912094
203.94385381182767
4874.645285619339
3752.1287918150792
3628.7608131758243
1744.7240265762498
774.9037058884634
743.7183869711039
5593.701256030326
18883.627882038025
2068.7701120195024
524.8860692694368
6106.551926356884
23.011747631784818
475.5322663407058
2338.583704005115
774.1122873897721
34.27823655118844
1731.2943975662188
758.8283747046564
1818.0942553069124
69.19875323092572
2963.6441833742256
199.91438510151838
43.75286168291082
700.2081301579755
1163.8006505798603
1140.4841433723445
121.40525181720818
27.747826597235292
176.4564932887569
1142.237843451832
496.9256566374147
6378.929968617032
425.0841194474608
837.8659849718639
2075.7927400410604
5969.155211995125
1154.0125995595286
33.772291206646265
3193.3880279573777
159.83294802667248
99.80669074021176
255.32129265498637
9802.897801258792
84.81144081293746
246.950535713808
17319.715390665104
4518.484048570059
827.4023859115465
642.543476549351
103.54326044057504
451.8216694790134
105.07624328314202
6297.652849806356
200.65949663756743
2918.9387706755497
268.0817140703562
103.23325594585597
9470.267489493755
640.966381050867
177.40509056222155
8645.469968919228
173.0092716503595
17.34286996684098
1726.2669208215398
542.0106388680623
2494.4903793218564
3366.327213842901
6147.788713212521
96.25919138400718
5097.549893369435
554.3641904460217
1615.409709064697
118.55280202239804
458.3284236201357
1635.7515919734
5355.660593280842
4431.274349949388
498.13735755751543
290.3666915789027
7428.5813900834
510.2246460977789
1563.681130329142
1234.0708549127833
480.3160747391844
2618.646755264098
1349.50817783831
243.0029727761962
911.8793524549029
482.28603111563075
880.7532869601564
2163.064703651163
130.26332738355075
229.4816753311002
2775.3993425529757
1007.1948864120217
1713.1688260546896
16944.645786930847
123.19375969077618
71.83471971298205
9.943939115164557
14681.01281470824
2408.38053086746
2896.78657783764
2655.9587813765215
8152.209517060561
3304.9710278523326
167.49651605469927
199.9320909437108
1828.0069946082
1988.5506436051803
2213.821115371406
82.6646251141816
909.192435695394
2518.2246248399156
1239.9285945532968
12081.394166201133
86.2348013991432
3445.8725808806935
1092.7299607951136
3329.006325085171
94.57437532695012
1182.5088605343926
891.2826424197661
6817.071321606594
682.9306725233297
10094.075076506004
1103.0078025822343
241.85042716586835
71.69099885762087
168.25094839886256
3813.6795823426773
621.5730594264057
409.4573916461286
90.069081470312
306.36264713510553
1854.2006465680272
138.48399494862383
71.61469684601185
1625.3603859566201
51.55709175790335
12171.15895918849
2625.2134721335806
36.68261559877095
570.9309112006067
587.4094245781891
5895.66601647844
1411.5933642419031
827.2722758367656
157.68670580301736
343.30770326480575
372.4298680826466
5132.684222708505
1741.7090840146088
587.4937365327849
750.33278683998
293.4245304639038
468.02039949880304
2530.7362065766006
2106.1441252951286
1076.0288008169193
235.12587279941323
454.2234388389077
780.2814845532357
1703.7661774200851
174.65825657198008
97.76228706447343
12959.539186864398
4056.160547297849
2642.0996558995434
348.72447423529576
259.0933686601127
220.4738258997141
1089.8923008026195
6123.765864716968
717.6778355737823
8080.705948854428
207.36533326184414
336.58969395017334
8.421859061547021
3.469839020719956
403.896405653581
553.0804119983302
6621.252556551416
2576.551800968063
498.7018799056053
1739.4045573224214
3227.0636434113653
6415.942823237685
97.65411887434627
469.7604115089793
5702.650591464653
1677.3055512175117
3017.892238640674
463.0902673136261
966.698125662524
359.65913598182686
589.8705248898128
20550.62699440645
6345.210787188127
253.43044903624045
3030.729491396522
1968.5616654264381
115.88780841806923
1961.4932535539142
1364.6143520218423
1837.1620631095764
346.9819308277056
12064.269254795567
209.9422967661635
168.02077029822726
301.1103156692285
524.7681433432572
81.64539074496658
645.3766483265566
746.8934556571827
1745.3786415130623
513.1254286187215
783.6477681647302
9792.02518161273
629.1790521752882
1300.960805373541
17783.976784555056
79.71319442984237
366.07118136688933
1569.8290418917793
2797.8778694211614
23.39270494425838
7621.49203922694
2581.8701137371836
6068.186023502065
2292.757698643966
171.38802476192038
30.00139400520796
606.6915958165775
4288.980976527657
783.0149469930215
24.933951770533813
727.573697644146
2104.898261945298
7535.300413034074
538.9719372967284
3092.599384778316
1445.1388009390498
198.26746513451621
65.3687434283956
1068.3174522831519
4127.287091936793
720.4808137255548
32.4809436002993
417.10208068153065
215.7275837515571
333.04677170133965
970.0324101225344
98.16933065276423
2158.2410178968116
329.6992334514859
122.89258710301843
185.82011014315336
2665.707798358874
519.2855467858748
43.06485208107613
2571.955644125057
589.2385096044505
10.873766093999482
1521.9763706547983
2029.3090765369782
123.72042799411176
440.31285411187946
6.2454896960773
206.41202801071623
21050.08668122563
309.9100101468966
3102.3382685170463
5367.09180002386
926.499838085515
1175.9790857724718
298.58581765273004
1737.8325224454372
581.5325969066976
1825.3443765741783
159.489111982436
425.646666258872
2690.6934132663764
29324.103374272425
1510.2038213129608
139.85503661331222
12197.937379489576
12551.53907909795
137.7934031732253
1275.0269224996446
2100.1778748460542
22.655432726359503
135.5659622726657
245.18544882984327
1902.4230606956905
335.7481336680124
1008.2078197707677
5555.81648308846
182.38215120559565
1339.4891462011783
7776.812741535788
5328.146636283792
2331.359632056873
114.5311931943116
1442.2254330471617
2591.047132434232
1998.7236392541963
426.8746990418903
1001.9213205205268
7481.78605127624
8107.687174370659
562.0499274780144
11416.65502579392
97.36710647434421
956.3424012423271
14524.102060469035
2658.614445477758
3308.87154672066
7545.965899460228
193.2837801266074
142.85011850554417
266.6942026698149
414.18704413184184
155.14761695820667
27228.41084366514
3829.4911474844653
3353.083228760245
493.6545007874549
1822.5056625137292
7665.892426341903
87.13582921269224
3383.785285182017
141.108160932224
202.85300681551766
2497.538556228429
806.158958170966
1098.6918220844077
900.5609697527506
280.44469068395637
6710.646871847914
309.003498729854
6650.984900165491
853.2612641658055
336.02915395453124
5456.030427770231
2611.931559434111
271.76422562328327
38027.12152336071
1040.1224317219348
136.53149299042155
22.42198061700451
401.17437118623036
8879.086486978927
3217.147222582073
1333.7332438587923
708.9558687026209
152.0728159060236
3741.3273545677253
128.09117062806408
341.21768051190713
422.53114512024183
1315.9992497980056
3187.8056704194637
240.36524440189666
8220.624184820435
42.82824589446621
18.48693418625702
606.0606820016967
208.47095797044136
416.29102287510375
468.9991067091559
332.8008747008449
433.94764733223343
1481.6753619547262
1689.5795874668606
841.5067898172701
587.2038338437413
427.26058946971347
387.57325603013817
11885.07924696326
2853.5256086117956
1223.608922459285
2830.841294290265
301.80858197056403
109.33916930412346
184.2865130869731
11168.44301441462
2551.536214618999
3206.2508827544466
6469.493741883792
219.15695102138199
85.53948326204264
206.65367025055613
12297.825350382307
193.40743780195123
2281.3782820644055
93.60796749842137
1504.5554421225127
97.5748969384238
1967.5204072712838
109.63180033591868
273.9466160486148
1131.4982284597152
1038.7689382040487
767.0182032408212
61.758906268660766
1524.5209446045017
2348.91144988143
613.7059611960094
280.52899158508285
10143.15922287209
1123.0963973206665
783.7859470722575
2750.0352810016284
2409.594416587568
862.9104814944722
3941.8101866504853
110.09315469091563
753.8172782793562
731.7774292302737
841.4451116433796
3185.994255509872
12725.757246212343
277.0815362087564
1011.3708156262891
1268.8152010705833
1170.513894707692
778.3769815651654
1189.4830065196427
669.8000049542796
410.09795612916287
235.59268489780072
1796.2440304474248
9745.260829034685
2412.803394868457
541.4354772226071
253.0973722155272
1104.9147380469692
2183.866676610369
10776.761679466252
246.41699151388696
540.856536434886
17.957006367474992
52855.652947228205
3348.714438186351
61.285179655501395
1039.587331284164
898.8427106259245
283.7224201066579
14862.140681273384
8604.411185400639
2099.9969471575564
15166.720589361561
6.261392758455386
1002.9056099742251
16.832860810056527
1513.6569357857898
206.42575825561283
821.9481097336723
2975.6448673159407
1797.6976742766437
125.1068931377719
523.6748645159661
709.5514698423955
135.14966332064392
1655.6264956696155
345.5730423684633
1636.9414701280948
138.56905277624952
133.3766647466317
1035.210052584412
3645.5333254128973
3218.7792437252115
10825.690036466618
779.2701478430919
141.88962296519668
940.7923546281505
2490.223308418071
463.99472425452393
13376.298927784348
429.74698756349517
2363.3979804926544
6731.646135408975
2911.4836658741037
49.05221429931661
58.728372922067784
595.3500794339539
1017.2369378296464
1411.3624549669023
8466.451066724047
147.3578705012968
5313.651383529461
16143.39312771682
125.33451471468115
3954.069713676356
683.7975392087192
293.7344409473242
2339.9245241935596
275.98399145671857
156.2186923653841
9056.05486907104
383.8458191424143
30.821058979346727
3091.437319942125
483.23305711208684
7313.493726388042
31.691739596140245
770.6872746258364
1377.1562894738022
369.85733398101627
19.681391944759152
1265.5219925416407
259.0987908113407
164.47044382752463
1093.320267295761
1382.0182165381389
22.669639985195555
198.64723194565892
89.41089727225737
8267.960531758112
4748.39855833472
1571.008378400196
564.67909107627
779.9116771241787
2695.550722266904
596.4612633711619
359.9483405134274
1055.5114870107407
84.14003535948123
135.93965056112322
100.9079463664464
26.920127485707823
93.06071286602213
472.2296185692754
362.67020002933583
873.9821765034517
178.89171990853603
699.3929293149681
8252.748942735889
958.0074126222748
3302.1296704270007
68.88108693976491
640.264998601614
1374.1634985623198
3480.6890673157895
1670.6498698983441
3722.7330657976563
609.4905614377643
33.04291873216236
16150.785153676881
662.2209931621214
1448.7170750691391
1353.281326698419
5573.784277655502
358.8634115829104
771.2148337527535
108.61023834243255
295.8115640958381
849.5673430459094
279.035434774777
154.45403608115305
289.35215863076235
2756.902076316903
1512.6693840772366
230.53600261400132
7360.440624230569
798.1638814660186
1512.661941391158
5.6393003667998265
2047.2947584651124
4835.345242004962
260.41130675118484
2565.0702055455167
134.48392310507762
43848.37273425999
3208.117584147352
7856.295894304266
33891.742510148004
247.0279501635697
264.3532707028662
575.270573011144
10265.770807095154
4609.412102325782
1842.647584320689
10.044007300002988
2287.7479649850206
613.9004105290446
462.12649847205967
145.33079990387554
4566.065053896573
403.65331600429323
370.8337782767135
780.0868326933829
18429.335763811716
7155.127559762064
124.90225658707831
106.75890136858656
59.20268751973268
7372.476015533902
18401.15492078035
903.4662057928466
1452.5052166924456
4060.1527440456307
2863.096484973604
647.0485831219675
5795.421980523852
327.88533056250515
460.61366384879676
603.0285212414888
672.6071039614312
1390.3895899358477
2859.3427773862645
175.86814501991955
842.715817384887
828.1818700537235
2051.7529013661438
1176.6404110753358
2351.0340084655913
983.394924179326
5383.8766783462
9402.848567152689
1465.029192469991
1492.0292501702681
31096.530988322436
61.82162803508584
176.3282143500744
337.9788746190493
5877.426286225873
16726.038573653954
236.90154812824326
19.192845288196203
331.7421825615785
1734.0388735352708
10621.378126870852
113.34823152790996
20.595690949132273
1604.525934665735
490.3688301250431
606.1549878817796
75.46164319051086
35.12864323471643
39.07635528233033
500.25622746604495
34.265706592184756
143.05486168244562
252.13839250153302
11205.468255969532
594.4765205257552
3083.772982869537
4274.175014824932
318.19323964029644
2591.1406219413348
124.98925610081591
17.45067024904179
651.088136116329
263.2741644161496
237.45918213287086
844.7219811184015
175.12617593913316
2757.3334321185807
4867.169410458516
342.2964235783144
40213.88613538453
222.1199856442091
4280.344249278256
271.18928043201595
40.3315499375001
2945.4314134408023
42.31468489526158
308.09879475146573
154.33402749848167
871.3136919708763
612.8223231484875
2397.7740648926883
293.7322274757515
941.9076939577553
3651.5542271148506
1288.1693216856838
377.80560488447355
569.8525777746432
1193.4950233392972
2173.4922300210346
395.0508309238376
4585.754899657734
726.1983807171024
207.31351960858734
1587.0611291287419
39.21955037597957
5204.913027525704
5793.5843626699125
7960.338725964366
1329.9595711039558
341.174824039181
744.9824771812441
14539.673327336444
361.0597760268841
68.22666367733987
12047.50992030016
887.6935558705834
1112.0338585622226
74.02467745839525
11512.268871928378
1782.2024284768422
18068.61840022901
2.0742387166095
571.5447693110054
3380.83711163103
246.67227574398655
4947.919125582301
38551.13816560168
543.0820423891203
172.57952268610043
17738.259734664887
1109.2101026362266
760.2337514966862
296.87419727403295
79.93510682318129
642.3437095194217
2963.965494379994
28343.32080700839
81.27462345732806
9509.289437187874
18.57306881744014
503.46042420669204
5.617591912687736
1294.3246632928563
15641.233945774837
1258.588241681935
4917.488195775821
4850.966618868369
3152.3682309700375
1054.2168145235453
53.81568841850148
903.0121273347902
149.66243287214408
181.24617303673097
305.1550757342869
130.63383770030023
233.4393308559557
289.9006357904521
365.8012303726199
816.9736291611885
2060.4492341695036
749.1658054657569
595.3509824310865
482.4697693145641
300.20277598354903
777.0654165763502
123.72282091757114
377.82650870399334
148.9824924370109
2776.1079506575693
1592.2398910778513
428.1581452065142
4652.61682904996
24.145121562935135
661.5658086914333
137.8939218003139
728.7577236798404
369.80675772559925
124.48186567189934
288.2737417604253
27.027970000970125
10524.66129274765
5449.187400037036
503.95041466702037
1233.95086689293
6288.1994303680685
591.0202462841685
6255.55083436814
106.34395042196098
6703.889493879201
134.74387273660903
111.44785963507209
921.1350270893371
424.01670077666375
504.89715943526915
147.71468446237446
10838.312217510027
2320.6919731986186
2188.8876305827253
183.92732832751557
41.411045129802204
9460.434323363821
2962.6652776956976
5554.949273443299
914.9492733201204
1632.3882185449888
7176.751390257675
212.48579349277819
1413.058316414606
5148.8943906511595
22893.07082320171
3344.7560117774387
8087.807154262227
63.57846614827301
293.9002755794617
3703.244334705258
328.70916353548995
1017.9997402970042
3050.8494180318535
389.4257207977647
762.0829776705307
742.3947768134265
3904.1265851008975
20.157305558632377
174.91804703979597
20.488529069961903
1458.2845916421893
266.05834478917734
3065.478130634747
345.45107935383123
489.3430468039139
353.19604715727814
3818.8107768211466
2684.0952087979986
1163.3786514586575
1954.5331233203678
2213.146834272772
124.72937025121978
1850.2922093176721
193.1324128554235
179.18154217665406
265.36370199570223
288.64303247435606
1846.6723389751082
28.758052392530153
236.4595298555372
1305.5605644541668
1682.193789699593
222.98200478502173
185.14821600134067
3434.235583165557
743.285254622772
396.3632291443364
113.17617152097893
1431.8345696064605
424.1351398768467
251.56956793882523
217.8654021671833
1083.670105987311
15470.879322454111
414.74270509037626
4799.895517880703
839.0219536244525
742.5685189340059
419.1670857456531
11739.37753957327
889.3491231788064
652.6073708642776
2510.7226283701766
48.91583368989983
767.5005537531976
1024.0207344945572
64.01803636478797
134.07336858254348
84.75448976479339
8.348696213800189
82.811469464672
565.8778590395098
55.31468795789696
763.048450679793
128.15859503580995
1658.4915198480155
1107.4412392118038
201.5033333573557
590.8222067013802
172.41648481866045
2385.4655877104115
32.097902782135534
170.47876486780967
5478.212559112794
13294.435326262412
11087.052299816125
334.1616082489507
1291.2567521456754
0.32995771654942274
63.21951726911968
156.48429477719273
24530.43321402422
23.58563552592452
8343.85884539305
1404.5003468475813
5633.919318711578
184.59171384201943
38.55533853038828
1258.9938075101893
8.916896138133623
282.2230425928107
816.3363111978406
113.89509746352333
2225.8510565742904
41.591583322075905
1136.6081386933513
176.33496657526447
300.691793849539
899.7045798770587
1296.3126176340434
1660.0935462417144
432.5277449588438
1581.7041836776903
9479.9378228417
390.71276084267083
751.8126033703387
8832.319335807215
272.1439468099662
1406.0090223892873
268.5414113075102
775.3964871106244
102.83736001978072
16044.828673626189
1180.5051294645375
3631.874282695813
114.72351125978442
3237.0037356242774
390.3243125441769
528.0667344793377
128.22437659230079
302.0287116703768
186.62382266303456
1221.2290345042786
8186.8391395997105
2525.1894479727866
4310.000810210668
1543.9295273280472
10534.59591148178
5840.63801774366
6421.566228857345
375.47368578223495
2079.5201784793658
358.51173435970105
1606.2976145404307
29.430769946181545
4012.385541471842
202.37479564626514
3962.700261496754
6279.610628644661
1778.4922435345795
124.68790258058915
3919.00477406395
953.1536578194389
22504.92495872787
152.80742745037435
903.1120564025774
750.2220629520662
7.768090039073083
1297.4866305821897
763.1515901059482
102.40718401373084
349.9107172576399
1354.7737304240304
2760.1999246827713
404.49759420284613
1272.97726099862
1801.8287089683893
27613.750011479944
2741.6224769144847
239.74376158166777
1272.2941080297257
2429.44245769966
201.47185356351739
989.5006063092015
2564.615020527772
714.2465646071349
1186.6144680474645
44.52316257033129
6587.753085624204
373.9613131183872
269.64913053536543
427.80217447252465
174.4767502921185
12850.499915631442
85.7174117886772
17793.88284675094
9954.01165336338
75.51366080661425
2057.231840746776
143.42527840772723
2653.649608110609
1651.373011991042
1041.8197202367253
802.4675280738247
1087.66784363874
7.1866598868597364
3454.8135529805068
120.07837063012784
571.9218529439796
14525.3122558496
470.617000450102
271.1765406508637
35.39145733673088
533.2892672558653
2126.733830206473
833.3184051791842
642.6678160528331
141.07380793112466
761.7189805174673
268.2553151846068
121.16695125823362
61.446797050868085
7917.774041214464
8474.22956676207
92.54584265024901
71.56283047847766
448.11439743939195
214.81499923364788
103.34741599299369
14.328692254095277
19.443226731519214
195.89593390003657
833.6681921764177
103.17977762708264
6914.348970275552
143.18706266378544
3281.254847914028
369.53022157636406
3751.6248474793624
223.02861850284071
2859.7806405715187
782.8685652563116
1295.461306252188
2601.5226760859323
130.23473986278898
111.3270307154246
100.32610290177102
99.45675065283766
2047.6123162760819
4694.170882570492
317.6383115939929
1085.6706585916643
398.9493201589145
170.48215816508616
6101.064698069525
5357.445864158505
1510.758234397369
3726.3828686529
340.89488978211733
14.427636097269492
221.31356862025166
268.02248889957747
315.68013419910335
942.4754602685548
275.31960997889684
6173.037420162553
225.97182893765444
39.61077063714402
4468.178406327351
528.4781344453537
1540.8093487374042
121.14606030694253
1779.4304855863197
509.5273282016644
715.1505424542237
10411.152151836366
1199.9942757979886
3802.208696371412
8.08752904128962
3292.7051049592037
14878.717116150798
10054.443044702755
97.00246992471185
34.72955756388396
333.14066750643747
5629.8163479912455
72.75976499812043
73.5913060383786
2390.9680307761305
54.883708160169405
4086.7052379094935
1688.1754416224637
1096.2714307914955
3203.9285725450227
8823.899618279174
1315.6423620761636
1017.7126806269921
369.40688025227655
555.6045095898354
3239.864446941987
848.2937109797639
245.29048514838615
555.3624558035098
1016.5432148864562
3685.6225501489703
106.13716596705736
974.9225987455645
127.0476420245914
541.7521249871716
103.67230449048748
391.53845046719925
13.105268179569585
471.05931230219113
645.8679390387689
1266.3830797805974
2213.092321082977
7206.853848769823
477.3193782698248
3183.5695722177147
274.3775609517218
1543.8619719117307
151.2415499464237
171.92830131346204
10746.772907819035
3461.749938768621
24.488832057367738
2640.7083331781546
255.51671962801282
393.8708170401317
116.96965400106451
232.5619866531792
499.5509205705018
6437.54213737342
1440.0663089642053
9103.85592030668
747.2486326100869
129.43869790316143
3916.565289007978
184.85408619992594
434.2865084862257
1452.040154524259
134.86007848716451
6927.044378858538
25241.18823757797
142.35363940718892
1242.9141766579944
517.8969011012114
2588.748204168312
157.43159934311635
1220.5900543379
53.505428682021346
3957.498378428503
2208.480238032029
2075.685146798334
64.4400860310923
259.9910716161058
40.08451034489546
4.006572680714804
17790.09973065422
10.588966607727457
7092.272369873398
928.6979851475419
266.85722145058935
380.3715301298638
7126.053101395035
166.52373154401045
3456.1252334085134
410.16812595526807
274.4909572867771
4.232041058171987
522.4487202201589
23236.01228092265
85.53267915154538
3220.102192032082
169.6620720761377
71.07310092607788
338.65531298064025
2822.6807348235684
11.293028721204301
258.5064754297872
4486.154435018463
1119.6225038145546
42478.03793207389
3558.6356123649352
39.66129171567579
6528.283490356602
12545.896764755982
206.64605778717427
4433.430779799752
613.3809279047165
1132.5144149303524
47.927605878950175
83.49206151080368
301.29902909781237
511.70435932625935
65.36685134951314
101.79611730123383
1094.6881416350363
141.21790953532943
182.20259189458687
8168.142644498321
1184.144001491627
1161.980064824497
9298.738023011421
152.5136795074933
922.1207432787648
116.96203217327339
15.953728953244095
1279.0467792185511
332.02959735443295
733.3714065860808
144.8207307742977
947.9764277697922
54.496371377765755
233.4521557906699
3917.81871446083
62.49805906908268
209.39528603235448
20074.287851604153
621.0871415776919
23568.507751636178
24.432860447698435
5.560323290332292
34.81670995459929
62.27224049315527
181.41632402909335
2262.8759124678877
136.65725180439514
806.6153528717867
458.5258400352621
103.16725022636587
604.2724250937991
908.9471538036853
64.46706933672664
6202.5909361506865
1835.359626181121
324.6890207999842
79.7277199394042
63.18773140021605
659.810293531471
1742.6363612671357
233.0892416696817
281.0951643311799
76.31578660570737
130.508410642427
4005.412485191783
536.9216547154388
469.0427332244007
117.99394270347597
264.1991740656269
2408.820821726776
478.8889180574407
128.64165460944042
6946.046108197424
1721.8380764753792
11967.409333375645
2400.3216695108185
3873.585841031857
2477.5211145278918
2034.2070838453963
1492.33817127693
3800.611161328937
8455.693489278903
2058.6411732288257
665.7558313575174
187.53076934864276
4811.906005846978
3.659573694736462
8281.848622377907
52.970545623898246
115.63216820552613
384.3280995279752
1259.1699474898687
16.487585481694822
1048.7469185090026
702.9325594063885
18966.521273230755
4032.944034587449
8309.609975860089
1571.5683938551272
7882.4143027795835
6300.029769031068
209.481972347314
3632.051332733577
333.28658612937767
1851.9967108205803
11.527724915116888
378.9709003581887
31.91008973444376
4.887508543727215
63.16377897735981
2176.427405032877
48.302410877032464
3709.7010238333783
7877.365461743624
395.0701438825477
396.3826122726055
2554.2403936703818
181.5202320224696
2749.5676315391406
11382.303968111584
12.358039746063199
200.67998121114928
89.77534940403098
537.6336189715114
3235.4491095343606
6061.022416682638
34.98595919393388
65.12908278967222
352.77236162873925
893.5446062021346
1622.325414289705
104.54135873362303
164.87422895513637
905.0041430129219
491.75275846030655
601.8183023264401
1328.3739079047118
1796.1147209217932
184.19556325551812
736.4511333105006
4458.685568479403
4404.354745238825
719.5693132305058
8709.062158636416
224.7944236355215
1234.3893349188063
326.7958336752197
2318.384611076607
12171.133333342786
1031.3341506798413
1785.5668257087177
714.4603954749917
8876.994500334567
926.6988699566325
364.6390130344179
3030.4735297030707
5416.495141798161
33.64989778094074
400.2198776488997
72.23685316618544
483.01444018492566
281.62580464824447
18499.19970857187
135.9944778951183
488.4189667593963
1367.2423671222123
427.95941919026023
1864.5684076678438
1884.5905604433556
178.02480356224893
680.5358267770623
407.5784197592136
1433.586229254613
86.96582189353651
5636.488016108654
444.66066137689444
2102.3567421604607
1386.7876110164934
1908.3637252492292
9235.592548868399
233.50865786980756
596.3045902422914
11308.69320452641
626.8287509566761
14393.593176698561
11620.207948797457
5950.450313041279
791.3053034964257
849.9071893687593
342.5178322396638
4092.103127248481
606.7716135587654
61.09360241082218
2961.716471509923
690.2287501939996
1022.6908903540832
156.5518868225535
2026.9631963633628
3427.0713502053018
32.7367554384339
75.93847287578059
5900.76820340395
6112.060728632274
1200.0756403348523
58.207049046632434
2883.9430075397245
1239.902997902731
4842.923673422117
4360.042243814965
4135.403464783661
1839.6978389471408
2586.455767156737
90.89483224230533
695.0104919833943
4081.1458449851566
3680.7479764979557
108.47542805050293
267.28794891691666
7.081935001773676
3017.0402935795537
661.7595297584988
1176.7098649660522
14812.484724186847
1958.2602300929675
2305.163653676845
15601.62111191804
66.25323985518517
1181.035068368308
32.8549783953358
439.8173394946636
25.062025253363984
44.511508814504275
35363.9144277216
8104.5450063297885
136.6918112042814
805.2592731496611
39.30809757805021
193.0068540084706
450.1005729442342
4409.563985562926
550.6384889021332
117.9485201031838
982.6303673230896
365.55690328839984
420.20363318115983
1146.695030093159
641.8469381198944
1509.8512380561258
715.4695422140644
3.9434030366325423
82.58981668431974
799.3004488737521
315.6639409745865
17134.564772005688
573.3521414839627
1698.4063969518681
333.82753090228647
1594.5750335748521
71.90768328273478
2307.8269720251733
285.79774701563696
3836.1251149489963
7143.955215423681
229.97552954709954
1076.762786684704
104.62580325814042
692.0672423169294
367.75698817004263
85.22765861211923
1180.3945382432123
340.6511432986425
10609.557687849547
417.4709976383029
2003.554682416331
7806.32000571867
1334.344514814112
765.7142579849063
791.2452123307379
545.2700058875215
3185.120587044643
598.7609814426476
409.8256651507648
2498.7103751736404
8004.66486259217
225.56375607492018
8674.506254280634
2142.6800332169037
13038.87053744629
630.6202067272504
7088.902446252254
1579.0159590030494
6118.906167599169
11562.268341075021
119.73275951083772
193.02997617772766
326.22704681722905
2803.4418175001406
442.05435814252957
448.24974461984414
1266.7155982599488
1188.404967232981
644.8118737668262
1866.1763819694531
430.7046565980799
13719.78767129949
111.97181299117398
23652.477680784235
2113.152610282354
561.8007394012415
910.0023998837137
69.72134029609167
77.96901348390284
765.3888258139174
263.61705050462757
859.1927184116388
751.0200601537953
1260.3208560235335
452.7086048541351
957.2522888064094
2146.650701368125
5335.108352786455
2212.80367210539
531.173236776894
3305.2496598913626
5565.396408422618
403.63826977725114
20234.435607042487
360.8572893379458
1678.3235871692502
469.61059546861696
1311.5431239103193
4954.946254896142
3996.8540074663883
451.275379046423
3574.802590617121
402.3838935255375
456.94173041550545
3690.7460096695877
61.970374849584786
166.20677900962556
1074.962819255898
34.49700958929603
8933.615844557075
1114.5012458379954
359.19184172946706
491.85682511795335
365.83238622863723
259.1903086073932
89.73958140356953
33601.3827768834
3017.128349282294
14020.97887698116
379.72090636445574
7214.698567528776
8431.361839162231
438.5442899783265
298.67120429845073
2280.2324039563173
1449.3683599126284
112.31086777693244
1033.5940516577268
188.61387721345045
365.9127988852262
335.14128146610034
10307.946703098702
460.2716992933242
6419.394420653591
163.05087497463512
55091.89719879799
3479.5693604077414
77.24687920750428
4079.7275112053776
710.4610473530615
2344.6649250236874
765.1067144860635
18.940344791285035
15568.958076577012
303.7771739228257
3044.4191678110187
305.72162432838115
634.5051278198732
92.3463462512264
12055.42899993477
386.81299598717357
1717.180803637286
224.59674395388652
2441.678013804749
8202.068569538013
25.57166413815759
327.4043445979147
979.7277361451639
1060.1381613317362
48.10072809490195
6251.736701947575
4159.166453604468
924.8421211594859
3981.512295332801
4119.877910109526
336.51047233715923
341.94366286621755
2460.444047179655
3338.676834380172
2109.3856970755833
142.31161550126714
454.8882745080585
102.87951750136415
340.39951671398507
1038.6342657603077
130.84109541090515
948.1759408194735
620.9535704713832
3371.257129328975
505.269855789825
406.05802808204584
2723.1793207071587
694.915751285019
892.399882734396
688.2395013353527
1173.9733069811243
1047.4298723957331
3534.863791882703
100.74416651965068
487.04967186291583
602.8567045682221
665.5022402199062
345.1298861455454
1979.7812106796875
337.88506809155905
1000.7617006189129
113.8331296656525
1750.7268272830222
1185.5586890790803
107.28420541541439
241.99857043648575
767.4519853367201
352.6568410716191
540.0966021978481
1759.968288863234
3884.890103507732
687.3583023947027
848.6551306030154
1822.6041112208047
670.479600767826
1200.50006505501
2113.8730180466414
217.51294153986578
14080.167070548221
143.04777073863573
1227.4704516074264
472.8400520792042
14.149904448401696
533.0550020314129
455.1234020031547
586.8247420483863
98.0560932080543
2059.3269787035574
1209.9225895607524
520.29148568008
1080.1772231017303
5.96360090926451
190.49264308053094
1574.1125126006116
190.07995736211035
1985.450236885833
41.44827401250106
280.4188517053108
122.93737741767563
3669.542149455907
281.0430011169984
151.2913098343449
209.56821629402046
2928.1366444905866
275.20973010485284
114.945001264255
1894.198016412485
1802.005713071375
818.1015526701474
22.684578806886346
1919.9835449749792
0.8387333956361154
152.63167916331756
76.30922546855157
69.59374318910028
428.93406208406316
3573.3987129993207
1342.6880097344385
14444.153601557242
296.4779788182437
925.4965355560252
1634.2685507476306
432.0587358896511
110.77840072867274
47.96561290822954
414.9721821847474
2161.6479267430486
364.7624345456069
4736.25383125692
131.18470176363138
259.2653270510059
6439.1453975250815
318.0302450325745
741.0846658164272
9191.477935760882
6162.233649618775
685.4603973491136
970.7993341020682
1137.9047858521062
2029.2579303243797
2955.9741193691093
2601.7430703470736
1434.7132737298818
348.6341410924854
857.4962107101846
78.73745561768342
2270.490089333099
5995.767624568815
2359.610533248624
343.2421911464423
6.608976591637727
5773.710505616347
16162.915179309945
611.1707286697854
8978.204629499276
8128.894508701713
135.65968441052735
164.53816380984642
124.2239229316211
668.4988632007838
872.1067229270019
106.65802347959996
3695.794774100636
177.83258213053267
785.8136175443842
4436.240060918395
1165.481467593743
8126.1047777839385
143.42591532302552
16.05790521780337
516.3666323450889
1600.3179617569697
99.07168038122416
74.19881682427798
2080.442095476376
137.43951746651993
172.51902440449385
142.9513142147898
9389.635471404488
116.5555085665848
30.083488296228644
2014.4828342054443
76.19653244514967
98.11960097683148
255.49101133526264
1289.8855010188615
221.83263760857665
3.209268396642262
1290.44037553806
2475.9275668850833
492.2330681666698
3144.224868411738
286.1621690680827
12036.047319001962
8095.121700305064
81.23756389225578
411.2034958192123
210.46173312847526
3099.1717040290246
8809.731007208577
124.5077579336673
158.46238515906384
1136.184436893517
1602.1294481340708
30.83133513801517
1235.1143142942833
101.90855114539099
172.63449159721222
2806.9916516202943
609.969418490608
1236.89777552618
2922.397495303275
1036.6781606727216
2851.087843605782
429.3972619218822
10132.468871085153
537.2748065263667
13774.835575803547
2593.6667011049576
784.0255110440842
91.41236871662572
11144.202329463904
4132.984980443033
14612.634901251198
3178.7179684776847
179.11022262996346
2906.285229951744
178.02132651977277
75.05739238371501
748.3063290054326
1222.2727429628599
4922.849331130107
183.81754714024146
237.2361004290724
1358.4485127562607
3811.4220553110645
451.8248992283702
3443.9577002732035
318.1452966857901
3572.590155841038
2552.2476172451957
249.9113564937261
1512.0286451929976
45.539331714539166
863.8202596274791
86.81761514574005
5972.2631956701125
327.18514676282064
48601.526017481316
1669.779805316085
9544.879300563593
1300.055272620504
1105.3717691440922
1811.2968891914384
80.38372566391283
3361.692027427865
1586.0361802637613
21947.13523618903
1186.3620704451016
74.89647876846028
208.22962057206462
1010.9899190246852
5388.219816316663
1020.0999011110157
131.73545535933863
290.41606993155386
689.0384391518012
133.2082277265001
1895.9948985325714
977.7442787718304
11179.769868875723
8385.10040738405
235.23165410700432
2880.090425026183
225.5970972895427
5199.369622175787
27.617529405477015
363.62431614512803
222.89190344777498
6877.104222093921
443.3235519066825
340.1232215981209
17307.326073694418
509.89953641407124
769.1157427072048
24979.898132468137
405.7373328861469
338.4818560676517
4695.2917401617
387.9212570604751
54.11986667451796
1093.9590490099959
1612.9261978128918
9.264135314512867
660.540827398981
1487.3238772414866
5515.20913912168
7307.096496807663
7271.511643963291
4821.174162469443
2823.2791034986103
176.25129917624437
3859.173715974884
92.17140190301842
1359.3907594821376
4186.913538008518
84.9123962886611
1479.2480559649434
4814.801440455441
4137.368076468261
1439.6788786686598
116.13338672797902
3680.8714394050644
275.4140119051396
4410.203159479686
832.2593259536659
1293.004084257643
1098.3413483108607
180.78853952894212
332.12442287895436
6305.833253204085
1269.679778459898
8.294400995134676
3126.8782870950695
3515.3177199248153
4510.643064600228
74.21836934522474
1950.4458237564527
688.990036553705
58.53569698291983
1153.417894410491
1175.6553176083928
854.1272116500576
1204.1009523499956
6303.56091284836
581.3803474335244
29.117454039107038
857.5613477774468
2209.2950370541375
196.51171049279714
4844.619033654251
5310.151447482547
380.4634685063757
305.67344670469066
7381.612210392829
1752.6809385464137
6049.112558988945
8605.669556358696
166.37222392175133
4728.332075367114
791.6830332824976
104.69261627632508
1829.873671110549
150.08214155536325
591.6454742014743
27.458473294561525
3642.837276451405
1857.859931859085
3765.91269429265
888.681898398147
3589.6901170959673
49.147147607231375
904.1923367638205
167.51284540358347
176.65692599413418
599.0869820550637
29438.960264375037
2964.3966419052313
419.1672826506454
2154.026132899078
10.150956497190222
1290.8436535987944
719.3352525376673
216.10600390151723
242.2920511840676
2319.4945419647283
527.7267254342966
267.0430442702765
14.644555786669233
46.48240914137958
61.99992427469159
2496.15255464789
5641.592641961546
2137.046636613538
5093.972324664896
512.3531760527267
1056.64878123366
2646.267199421759
9.1054865573037
6083.045094746953
5.145833643260822
20.19918258779896
88.48470376318085
226.64071342354265
97.69086210162925
12852.67529605486
987.8613799260694
44.577712404636486
1898.5364411026828
886.1554701819707
3700.7712786664147
7854.361619990158
5188.993545510701
13160.640296046002
151.2085786523176
117.59383266605195
280.42417462880167
303.87842658401445
209.84241073398468
1406.2161664672667
703.1552835732757
1118.5685428856784
1300.014876107569
121.24281457644992
1940.347342229265
15.443220178745776
208.08362048184702
157.17720128732847
198.71418017479715
6813.170907082366
1785.1150038706965
184.35179750431186
564.330927066925
239.33770094378693
1140.252911937134
1947.3199184170342
670.5412258891319
147.3248595456944
2461.580517559836
4206.177644520737
20331.451659780232
20995.820830151046
114.7758588688208
638.324199375806
450.6220907668057
357.52750603031956
404.00119616246235
918.8330422621793
327.30051390826856
889.8627578725615
567.5880515971232
2411.302656724046
9.625400734558642
185.74040597082453
254.46735989743675
4425.892963852485
199.47293136276522
136.27930253720112
81.97720648617235
588.1888775621902
205.83783833623136
9284.644338262682
475.09999250852087
6648.491475047203
7229.091260351128
3064.4111868131095
389.26825671129484
44.9282961502262
471.21034456291125
4485.955296201515
1257.8259924234558
2909.322172727047
655.154654206358
146.66958140956422
45.890924934732794
571.3610090905208
1534.6428627300402
4536.684423899329
642.869429752213
3513.386552220643
5572.3432442260855
73.26854400403482
2287.912984933693
976.4145310018569
1614.8751310664622
1339.964701654861
502.83894480801507
10425.323728559144
2601.431624703776
439.99581360402163
1427.9004936171734
2899.8190476868467
685.1190325520618
137.6529004865734
4407.233442744085
42.157062830827655
158.85733323032224
98.89023421435495
360.5213886246128
2307.157440352914
98.18293596419724
1417.216191713011
75.18403180354349
12822.401172183107
1596.0717322835437
6197.663844371015
13501.00125059831
3145.062300827761
1210.232565871061
3538.1568593295774
336.9190681135281
177.76576103215592
65.11761995143806
84.40516949030919
1536.3392181807712
4441.609290727799
285.85803863229177
4289.093163332447
3317.187092783247
8388.80560335472
150.89547157914885
7659.865536840603
132.46239734263642
7387.978399795136
137.75551498379502
3732.718137226776
427.80256174425045
287.2916413462323
223.81862434979195
195.91246785339854
16860.77780488704
1105.7376003421825
2906.813083604387
734.3687470983018
3.672063934234693
9752.954978540585
159.9299796005149
34.25076032347319
474.7422596746764
458.14389857129487
7183.226778457853
19.630484732513498
468.44002826040844
802.585142934431
22423.711495887877
435.61396604183676
72.87720915732932
433.0584043420127
11350.868778834434
146.60635166985347
20209.86521198066
3611.985595254985
403.43135011926546
1449.0835274312165
438.9984803450542
906.4625309497033
310.23068927588105
167.6321881792453
12.475409109569124
164.5855899040427
3575.9928943974837
427.28293089078215
3334.741078525871
393.1832661992374
15804.439000867611
379.51048229249994
61.432247356218994
432.32037450059437
889.1457119709179
124.50346523424915
681.1704906840022
154.29027553710563
2073.1746141556264
261.41808771630303
178.48403314222327
3370.987351838617
792.3782480636077
1308.5180063160617
10907.802983744108
2097.366506885456
281.4826471022158
134.68052040508383
124.40454031447112
30546.995348702698
40.50568072404559
281.46406077459443
369.63060598174116
5212.65427286115
1354.2051409321632
2409.257228481465
38.63954407815618
441.8687973148483
68.24602846475791
385.9010937336205
46.27531132920248
672.8584744470468
128.41173489750446
2725.924061904561
465.5514663681526
3095.729583607043
1805.8788890581768
1393.5880915133425
88.88877499464431
242.36471176057873
377.32074690425276
698.8679474533965
923.5889722278845
171.85857093764412
1626.3782533687765
310.97023214416987
75.98680836307103
3277.6900669189813
497.21612111806036
162.3748765758992
831.5286846759085
39.82819651168201
850.5390207671493
234.72678849802975
54.88988764617009
1146.487479866365
3991.8614726466626
319.84966747995446
1854.5193408802008
2709.3712548495464
2810.157007540881
231.3721312663053
2708.16441574957
119.77070905665465
9350.261559762885
212.34020059532898
284.43119120236116
4507.592849725073
350.30581298488573
563.6351334649237
184.2771902997198
11213.305501062754
1968.6971681429854
654.1901135236117
779.0647087253633
600.1741224921142
17617.52720905896
378.5263868249733
101.17641811223655
175.59607115371634
773.5819310546788
155.3559983872077
6884.281066790865
1423.32911830102
729.934209451244
650.3446547397651
447.49976054747617
283.82004632793166
2290.6539258358284
875.787774780401
3133.2834777489384
5997.28984543132
5286.5317404461985
96.7566506625328
1115.1492638840966
3636.0185230873367
74.68578379254964
621.6658834364064
1604.508958294848
2662.2235766488143
893.3982424202292
2290.162737869561
48.588520963710465
460.7333232838018
10917.007862184624
4834.173822013399
217.4408735700406
1807.3568708343535
118.18111197356984
0.28198888442076964
2068.3167034703743
141.44157733529948
91.36651597608791
1949.0953685841416
3688.914745842353
3915.1966363400015
7056.755370999779
93.02998257397776
289.02208450366504
150.27274853662843
1408.123680508855
1005.4087152999936
230.6202430661708
672.8058030229911
321.17184919734365
608.764443321097
1913.8485204222234
6610.204903235861
1002.5978417782966
1196.1319736998544
103.955037985215
166.5190659817295
2006.046370466863
3849.4251875070163
516.5104797805076
503.52913936034804
886.6151547588407
77.48085110167446
104.5489467518923
2975.3516231134427
468.36274347358267
11650.630807887852
784.0382213360253
2428.577917165098
3314.7022527857616
3376.811296215609
451.2925673657353
62.04140328257557
828.2701821647587
586.9063802753427
413.3609029516538
15818.648374037848
29780.22034870793
1228.9883420153913
282.8252698431566
287.92833395170356
372.3290458606865
1091.582236726607
181.02142222257146
3264.794161957085
13196.24375822891
3738.5357324556057
1402.5895049938342
3283.492567612767
508.0415882711686
981.0059095834433
1180.6108530228344
75.33650762024946
260.9084237206294
230.24864613521157
428.2551795688372
409.309712755157
1780.529674113207
2727.9743510872368
1178.1190753829662
6967.0546264278155
1062.9373841665179
5035.364795111875
739.9271661800544
72.6438106144256
3156.151727481815
1791.3221504404553
450.95192320698806
1533.4139603142671
123.65549745818605
1179.6891961250556
124.03395205068391
329.36762398507733
1315.6549768864045
3276.742453087855
1228.9145030276227
1665.768802526857
10038.079858862848
40.195565198042345
437.2309642787675
917.1923234342794
793.2487965050639
466.2111666926205
869.038336417105
1226.6217969496563
7010.199119874083
1576.82612314628
121.94632165750674
3445.383364386112
679.6423786058825
11647.137227242321
2233.536781330403
7512.323772043139
219.12428350874256
74.98024748956445
630.6803146107876
2405.098395421834
428.9777655723692
828.4142310242215
354.5490273218044
11.027382672224029
1326.774554881671
204.9283892070597
208.62346927119634
916.0353920261488
607.2700660709196
5635.409146655857
1463.0276911376639
4196.17373047253
199.7978103068232
946.3484840391834
466.87097694986244
417.6655447223121
127.9341200690398
4227.311307283077
245.55331921609636
7246.806466752043
24.76585110411378
1006.4775753071186
552.0094328932302
13969.327350851923
795.4256482659905
2715.7729756817407
160.17660748736117
262.7484298944216
2796.2869213029594
127.79071230676342
29.88653720364942
124.59123001592465
4477.934078555479
223.56318840607292
96.53107291257568
10253.506028251591
694.7009783178415
118.92989703768953
603.9380167550346
466.20513923005814
808.7542699141137
1205.9933740653394
229.86718634162574
3633.8439234998023
4391.26082386424
1261.6153538417384
9651.776198569429
2940.3023735186216
1487.8391643812326
505.2973992948684
5228.02522801431
22564.30879237611
878.4871317864207
262.08780689152
52.35730891589574
109.4616415056815
3580.8735976466833
373.25719185702377
528.7408998635779
2681.388963774556
76.78841761021849
127.67259816832689
9328.51158672997
439.21954899371894
94.32687066611712
2350.0685937308585
705.5774599148413
4363.081208162811
167.74999720725603
65.7560378105937
98.63350835398465
2375.9932541103644
108.99521500489229
4475.4367913134465
2119.016922392114
632.1428194734913
990.7099099145333
3430.055609174598
706.0030872809486
4932.2994979350005
3167.70627373264
328.1087823364226
2052.7818923802397
211.075865821575
46.11589244609693
48.845595917201834
709.6829057695486
564.9349104902778
298.66948833108256
1076.4431008685626
8293.693657024858
197.85704110403256
5630.102642239388
637.3657583822801
274.00015055640824
4325.572464842997
2552.3260068309296
923.6544814290371
1320.8606373698028
780.7784379437966
1360.8215859528316
46.56728880908511
110.68336716213435
857.9496164857981
5973.427591264957
595.8647124298277
1306.4905790749592
13800.954308693525
578.4540524976345
1792.7690549292886
1229.8619325041504
749.6174701025149
186.6313931125685
25466.779214996615
5.3245211765307054
839.7301614580965
886.9065970801171
1253.5150341813517
77.28941160565216
13297.610889718413
485.2150777527986
1237.298480407667
14826.223510678727
391.14595369128534
747.7843545415918
425.559331597225
467.0793134816664
1023.8729847265815
4861.749334014354
2276.5223742976627
279.0494087783979
288.8365474276622
360.7373959447435
263.56030402137077
2240.0010225451906
4493.193028554665
389.0753537106106
1063.508984889916
1451.2356936923766
324.88621216885116
9382.130024944146
4893.122960031226
6.100977192602386
4719.426648191438
3011.161922580552
154.87020972846378
1235.1559662627353
9505.881533168636
622.2467786948349
989.2069024357131
1229.229533223275
2144.0935853251685
1811.1946829656667
137.58505336878278
76.47636809124947
132.43142804592046
30.745814315680242
2105.3058823012893
251.88136522833472
119.65052671516486
85.27704688189309
286.7649804151107
405.78654371015153
3254.1922443734884
146.9300382786365
11.765298452270923
512.4424226959135
150.7056438272536
899.7381512915292
216.65921838474046
1661.0837593023064
767.466647356485
830.1842322966824
37.32373237110842
159.51442444467335
389.75885695043957
935.9100057273916
10913.459956458628
480.5245373550204
6592.816796495926
496.0438812053547
192.16587445316515
444.65542624552154
3613.1957358600307
1586.4455091844864
4492.465000268586
767.9645856884188
103.19394658265813
1074.9090191042642
102.50679719155941
690.358249536227
135.67055280265805
106.89301238908655
1180.5102477533635
85.78228351082684
3260.8440798247098
2124.924432530129
5000.972463369402
8335.437564644255
2861.6220173282136
189.27707983273922
3581.7465851383677
108.23472280852009
604.3931918118584
985.1292713522031
149.01316219436688
177.64306289667076
36559.5599794021
89.60417553147693
6873.275086386244
70.60759353522128
9579.986412120823
2982.1757953909623
5093.045117377837
657.1057363406796
1472.0563599611157
6772.066194917459
5327.039044167769
210.74437457542228
612.4285721090139
3966.539638897271
350.0882996144927
449.3285153331361
140.865769337839
80.04772808268834
99.94579578175289
1323.312855908365
1499.5310916425697
542.61443613276
124.41058186797305
499.62144729538414
3651.163858579276
1525.4105441035558
6042.999069698163
7095.278215105427
2742.7557375293454
4816.098519270673
3127.9933470752085
158.1148885174577
3232.5325294426334
1181.4738175832451
20388.008837643734
196.8499656303302
425.95525800595004
178.9292447774926
31607.028267650116
687.3524103599204
554.0251022085552
2262.082959282674
665.0314462634643
398.7389746363146
1057.6943792924953
586.0441764917734
1355.9390677223225
20660.103670648143
2417.213572493804
712.4121813863238
1002.6045505404868
4241.566364850979
910.2002802974241
1335.5409325841672
537.7846734170299
1544.7445049118658
187.94563085288152
163.75873277708618
332.6181209325818
231.73891016873282
1138.457760766176
20.75659759607218
23.250627337756402
976.7206987468691
1748.987874233021
908.652419200684
4957.736081841391
1269.2472441615976
8396.069335424372
1019.5918263254944
588.3036914526074
22.76291637146599
2389.943528081495
1007.7885385253227
2775.7112583216335
55.52558325051527
4485.1390241415265
822.4543721071731
183.0938050103037
164.6693504465335
3278.2986593714036
357.91381568357485
1512.7683546458327
56.57574368563844
1027.0640024796162
3691.724460868562
7334.18946949127
2983.6950466586964
104.23440645974668
3318.237731181417
11000.309703145394
387.39011612423104
275.67192473649806
829.646832476827
2726.0005846363233
11.438091378279669
66.65821357284551
263.4566846076436
165.45388954362085
138.6846201806402
633.449165573885
1036.127829519251
1385.6260040258085
308.5286575159052
4689.107512111379
11.41307645143863
474.3559036423206
320.4422857423839
3698.7831636821734
3394.722871157141
508.7007765647078
730.4094932884419
1127.4064973125996
102.12757575984722
889.8745624572935
550.0203581146445
420.4949956094772
1743.866595725263
548.582505564299
32.08558583263077
162.60716003140274
183.12150726578213
134.91241227086005
782.8272770722177
905.8725742394413
36666.63797157632
413.75548377897695
4495.463068768057
891.870921239013
251.91753194016007
376.55747874875135
265.0076957012137
19787.787563822058
1873.4655977289626
9810.625004165151
6934.844955935992
2909.8040862107987
575.0391848616255
783.1461645406046
175.64246174789355
79.29425496618903
301.3209119212323
18686.86749578966
747.1551531644583
1218.5983903133524
547.2503601524403
206.50286682892815
973.2678746527835
402.564821422291
3061.64472465964
397.52672540115384
1193.3159837031471
1897.8745904146722
916.1358003634934
2659.890612036475
10271.601112546003
66.74643932478297
245.51337158966734
1810.0459294702055
238.76299675322787
8572.465430121123
712.9820939087206
1503.9788194176285
1739.4882390592059
175.3729754190414
408.9736066310912
1658.0513590706003
1344.8053090155508
220.1104773029594
2665.5521078284282
461.298484534578
1809.0556363633325
147.50409251104156
2503.6452489087255
1405.429711136741
94.8222512161645
1179.5888015854293
829.5267531291173
21.421739309268606
15.153084705177289
203.6736043620979
81.39440059713453
1793.2689459021155
324.38680634726546
5263.2405370342085
62.51666431140723
232.05014864979833
711.2311880750233
9146.767234279916
1911.969519470702
130.33917515802295
6025.099954433334
644.2473471783284
45.66340813975111
33.93858131353067
24.71364367814255
187.35219145036285
1736.0310000233192
515.1121351079313
317.1997736143628
7770.44167806662
3971.3683683831546
76.97512644256888
2284.9848036421095
497.06409720926547
4183.944109423598
31.943530558020683
2706.6821129891005
1151.679615279899
1735.7236568262713
279.364467676535
3564.009290407166
2181.1809909587087
1115.0079518830514
876.0701600955656
270.37961648905815
70.15457764661947
2126.666976261127
4364.420273187064
118.4439827216388
367.5169367008402
598.081713765819
261.5324999969082
2439.1393843144706
954.8368903913307
2328.5876770003156
203.6992202532395
549.6395054949032
130.65413691401017
10755.486674426207
1581.6363413248769
125.21496093614859
137.8249809125598
11001.00220532918
2265.944164960321
158.59541395054632
1008.7629814200639
341.9562569328183
87.50803760515512
251.6111016182876
14.895663896563605
1423.0083684326323
110.04976474621175
467.4536825122977
3153.056201184845
319.97744017889795
291.05564817693
932.9820216591567
1820.0299517504682
128.34417351474946
26.847931277695913
1811.3771884664563
654.3431985063353
3499.0526659250177
283.2943477994898
78.91836234470429
1331.5124159842705
3189.3143064026794
20.720055576084473
1364.5638754235413
1132.4014780079383
2432.514575029332
443.01958452018783
3338.306390814838
2946.771947917304
123.20288353067087
6043.307365704231
694.0752070842992
90.31109020140038
4661.715840011849
534.2545230912043
277.76253008298113
2489.319524167011
6663.020569758526
4039.0216317556237
730.7238923981218
3.935629357243453
661.2497839637466
744.4041411043378
204.52092553149282
364.57742292411723
558.3894168347592
3402.851923156147
30563.612606681665
4803.4366469761335
148.87813035386887
750.3585049634776
181.2264270137809
1026.2407543975894
14765.091893593684
46094.44759090767
1458.9302227686728
4498.601020966775
1333.0341259215172
59.40788609212211
233.62495927102822
308.2734193324499
3943.4042196617834
5743.929790001112
948.7265996139582
2198.466119888909
3600.912771269993
4121.159134384412
375.1999737522493
1505.5200860391249
787.2169308138277
222.0523472065139
7598.92128252857
141.32164334733633
5648.600053653041
585.897534686286
599.2669673008155
4484.566621280251
27.246588084794965
4375.977829485711
1170.8956112414849
193.44848708814365
2352.336784234743
5248.535356441697
411.5111065380428
925.2554985027639
210.23961603684472
500.83673793897
5964.181067263963
795.6955560654789
494.71034447480247
173.89556437734655
100.8688082998921
4855.293220910517
916.1498067546514
196.51227982443453
141.77087503657316
5.6941595568349435
541.8929618254076
19.21085467750938
15843.2625466706
83.37709444341534
9708.262575823279
12.526621011221817
1086.397670510042
581.5239663347515
1135.201514239137
1258.999577168729
4146.915944500828
457.4320367451201
3610.5529927249913
308.5632346874534
1606.844651834438
421.75932618016
36.32495774058553
396.3476476474548
1504.0427900492314
32.64243039593495
2257.953565875526
489.2118115223054
583.5611213743763
1001.2821775860381
749.6773941588986
3697.254281204265
837.4494748287553
138.68255358795435
1423.3396120207353
625.5934122876395
577.2222948031591
58.350798602413434
2811.8769235094596
412.07337672218847
3909.8634212973548
4266.153770656844
5693.757942761746
868.386163573065
15.417088344782393
743.1481053596145
234.0620251149561
18.163575007623667
1203.4690281443327
72.9761524403516
5058.715326692464
82.23824548521108
115.46717771906413
2149.510506905372
5087.432853933393
54.694339769678635
4243.070680148197
4344.849343080415
165.53653703306193
1399.7268504368665
314.87599411035296
1833.9140462272585
9856.26974463879
6598.614697678085
218.7857173672092
2329.9873094940635
1345.925577076057
6383.293639623888
437.0531345899154
880.7628713183635
1195.5682541519463
8706.323084989654
1742.4799683789404
2338.964383726205
25740.958067040185
86.80294213996298
38.282496687824796
546.0154171576747
330.2206777988426
127.49683297231806
660.1784284070989
47.88437563579828
3487.555205227966
40.9020257428061
921.4334502040566
263.02489370219064
2383.836536654227
405.31689023686204
359.79228805347316
1358.0399023135237
3893.4894608679383
2351.321344687041
2640.6360081473345
568.6696292543925
1782.5547618826708
4757.425701395046
1181.5171584915852
1176.3692385325708
10423.20069708158
1917.5260450233545
411.59065665491437
37.108802675456246
4046.2285984674936
2775.907293555413
622.345655439549
569.099789191474
3807.0729230214374
2605.5536422362024
2379.43660008082
654.4961346357958
133.17683459742602
649.5915320280377
807.9403978517696
519.110967218872
10254.91623962127
6562.534132014875
8838.983056734894
844.0664076703408
772.9151247918176
639.1190575246286
1087.8005592690808
8425.145590918904
165.87951677334846
73.38234008426036
32.288763906551665
3585.3695863310663
604.4304816678947
254.24703571088614
1575.6365951346884
892.5801120378884
1745.9630961002892
98.82924449827746
2928.094564000172
755.80376670491
194.06076176261556
1216.2205513523315
1687.7545264818662
187.68297799947044
4588.550122044299
881.6953856608856
61.90254947396889
503.82271767847044
237.39837432668054
812.0180877281391
68.00962825621593
4029.5185363223627
521.4124831058652
7578.100778126873
433.06579105862886
77.51697355257159
73.01040266487479
404.7912630483319
11331.8364504564
16429.54292983623
488.3691106581267
1726.3749884348201
853.6688489305333
85.86228537453833
182.391716086705
6570.321488735509
471.78597449861746
554.4367405374451
3722.675558051969
1805.306468480783
514.3895193108427
2325.3400176800665
2043.8708554944674
1093.1538761865588
396.9899864445403
4101.551268869397
3128.7067746302187
2515.896830167241
397.9858818554893
124.76659807506563
84.55738282141523
2062.958864546882
1332.8154567929462
1166.4505311445027
377.7820257663489
822.633518085758
1214.356775127301
140.68930628384769
3412.816567923982
1565.71305515667
859.8844798294535
5000.45515630495
33.429879986379696
220.33915638366432
34.49513970747997
68.09951094732813
3777.10752364846
547.2390158472228
2595.432687428434
730.7007513028152
329.24244046744764
806.0756060480512
187.22047805967978
1224.2356857016578
4602.053200236933
1894.2267523312516
4724.198106967803
492.4733816770388
220.14101672633845
3081.9718235075898
1727.6451611633493
122.87530305398198
144.14875698237628
91.24182274369286
2561.615782606996
72.90654799740892
2973.7458753845704
87.17903889963185
724.444040984229
15.880582005423083
83.19283806687005
30.1125689714854
1065.3913807749382
43.21408907242974
589.4745681192859
1056.6687726967007
747.9799632179152
79.8143585102884
26.142115363902985
5173.936145143121
427.09256777638814
2550.162084354379
1044.3570157848358
3407.6063089179765
920.083389528048
5131.913478347661
8653.04633088254
4588.7719316139655
57.510362268764496
280.2604758932681
274.8929544079903
271.5625626180107
119.78025579090223
39.0024896001151
1468.007537487892
204.93069632261384
31.774736045842022
5678.922237424011
9647.05947659381
841.8816828912102
14971.439863866464
2060.4826210284255
101.12947584115517
396.2916787619286
24006.582417023816
1777.4232490650243
2264.2791891865245
88.08255272797494
511.3152697313494
8448.095066525308
1770.7985820815675
596.2279578281992
940.4906729050144
1868.3116533106836
6531.957262390065
50.03878230438463
4076.6115588184543
1270.7657838080922
2407.887942881204
322.33420069859295
2138.3100801320998
9957.14981373116
8523.750207841353
1724.9650828536244
1290.3271243780878
5254.845995516676
13.988480401450065
4121.390895816113
363.9785107446891
179.29497796624895
7872.108058713012
81.16409026117654
407.7120904245946
436.98453186105104
3923.751323319269
239.67025984018565
225.54498534920197
1372.430484936793
5546.381548170654
471.4013752096902
942.4365935795986
80.31020117207355
2042.8310714662778
155.99100275719425
2077.295563273096
19150.243280292892
2375.529015850808
290.91920844730447
10341.310637533785
294.19497463835097
1450.2341552390496
209.6079213891322
404.4709759536635
239.37249039759357
6296.663439738081
2305.120014655604
844.5875934468106
1855.3705198918192
13.005115457165317
1182.1102864468692
559.9853300763624
85.0474056617978
731.9783792526069
135.59099754142377
2272.3115325305466
907.7053572281169
241.4769189927668
1126.8091782915767
44.17958136024858
5396.41293312566
165.3923639016508
7103.457405654301
1803.8241393676713
4756.078495140337
5476.573355709535
316.87169903080735
97.7546683947783
1188.4233765364183
83.6173215513547
0.5837883507830988
2911.7091131590446
359.3428585730196
721.3984479882973
1314.9028881682011
725.5553543375814
128.48835497079048
243.57600514046675
1611.0477919466737
3358.8274378937413
5418.973890569046
44.5833238524207
2182.1037440238333
45.684645311749875
21336.090465911795
2752.283710764003
186.7126754956705
1328.8907000171046
2263.880523607842
331.75569907005763
11050.810042636527
541.0114571685721
213.2967488704174
590.1812420947117
292.33380049931145
3610.8341081360295
1396.1850178980771
361.1630450858772
105.58283479260578
203.98394028965373
6474.373167954949
210.76740359108337
43.95955272922247
105.8777298742708
5051.8593825403905
258.45377112571066
98.27562279707269
722.479666474829
10383.491470090277
610.2926535080044
3010.525940578168
1874.6834772081056
36973.850023039486
77.83594038287545
458.9533936860568
2266.4123842776276
177.93766043894266
3361.357605144866
106.54768306544993
817.9767396060967
1221.6576840540006
621.5205270918234
4954.123742940841
5315.039407645184
5131.139226835501
4402.835688590533
5109.170882430824
398.9329275829734
1228.4227272796545
234.1681207711166
3352.185808868502
3481.5962981366024
212.20685849344667
1814.6144961597277
2938.6495404484126
11718.870575987461
136.68454333648495
841.1445712976918
377.4917454829496
4951.183367284329
1648.9337328966512
3060.6220219502766
10935.55470880726
418.53983051596265
6015.643911207613
5202.0426811121515
381.63644995722336
1016.9239107729821
7702.392363110455
362.2813956804194
94.42281036119438
110.91820642871176
142.14208371426952
6051.079085740119
244.92774959564701
2115.2259849332445
3915.0132797972637
564.3111385994937
163.315223802718
5500.48667677947
415.44304101499563
3342.1895053424964
348.261795373328
422.8161535833386
17078.60197676031
527.3772108038255
1055.4920076608742
211.14941369845263
8352.39867655606
385.8427112732321
102.06940035157874
3.4279784237201127
9924.894193698952
156.14998475915743
68.37248590150224
1164.1354508452273
22286.599975789224
2029.9791671099522
63.362583475912174
180.25112611530503
959.051124666821
132.1553949724774
1486.1360206555485
44.580700616525526
4790.213580097403
105.90654240847374
56.672386438128
2609.426181758323
3579.2738997108777
5355.298963153144
771.1930557456226
3972.379631463574
395.00407716918096
960.9120782829494
314.15021038107005
6067.789820692038
789.4183639883256
239.77443478823136
1059.341308558226
605.0101780434192
3078.151929789408
2646.0703318157307
11639.279534186675
294.18938343220844
430.01457945647246
4940.180584013354
22481.747786082127
111.51290739083164
372.6366540958259
32.089210942953805
1021.6965533467514
641.4992738746239
423.71339579616586
9146.375326448442
789.214574247088
957.1040445862544
7665.858588401031
1167.440666998143
17898.15491685284
2205.6110923366678
693.2443485470285
840.2433234113937
3185.2241814391723
452.0824047816951
428.69784115816543
27283.325179723994
6343.995340971542
2926.6681712092013
981.7581138428455
426.9966921869983
7691.463557037103
5318.636752419959
3540.6240982329027
84.6754647312986
7.203133898681102
84.53086932299625
6453.032635548295
462.7890763300835
943.0666349022677
97.9887723570605
498.9705571963432
905.9078206466231
2771.495183922945
4492.811874799029
5.471074906460149
754.9448865319052
169.52793018119027
1442.8879567606411
17.501735590574885
222.72311634196075
586.2906723450357
1481.6830788196621
86.19413235598783
4520.154978463708
122.65105948136012
304.9849657219661
41.7167347140035
779.8118105252328
2924.4748320655376
1133.8575570562725
4392.934582274188
92.0752762310184
501.306782717037
17741.648878485074
302.73272109179186
2444.394950976625
755.9478736952508
14534.865969657929
2321.443712332083
2557.2876110602883
483.79783435920086
630.1060076615017
41.97653861970352
14603.506191566983
19397.12898951198
371.60141731351627
32.29587811428569
4594.671968064057
15859.74733646307
12781.004363908422
4281.083209763469
478.3839689458391
181.1317249396538
221.5978794171014
2070.517287597351
49.32208022638829
1177.3870525783714
18071.911867538493
2962.1077049997725
1258.4992899466574
665.0013009307343
159.27074917311268
3638.686214106646
26084.193404525948
9133.853083273734
513.5765640311596
3730.2689932632416
907.1680773066082
177.0047926165752
18669.021921350704
61.05588220589597
36.64822228812703
68.72300597415837
3056.116615045157
154.82900380917596
121.05822889459938
4541.0839946210535
3072.3952997296687
6310.119200832997
10669.615714299141
1704.4877423852968
12452.073792033425
172.54839458430428
239.305434556647
1596.342239556947
37006.80863595154
1049.5487499662338
1798.8898632388284
164.80089590348302
942.8800148214456
7963.334185003379
2972.300984758436
727.2524690332572
680.6851468644459
650.1222732820833
160.1969106067913
159.6841211403577
868.8190733559198
159.7414927943741
16148.888493338663
117.60427895020075
9711.501076982144
286.91286104431947
9693.773295738984
1461.0616862161696
280.0993632287696
1264.1998314026791
10193.793731660127
110.40721891510952
153.10083187077828
8627.013904052226
132.26437981468388
474.0907373209868
1289.0272800143543
871.3659082207448
3618.2016307966915
1551.8400884142802
867.8938186965746
5268.241780069172
66.06562697628604
119.90147142504348
12.413641539110731
862.0648410182285
37.68523032472437
1782.3651155609243
4046.4915978682957
446.56106157410227
566.7897426144597
2008.1049410075268
3858.9364950252334
2071.2936416775406
890.8768705384596
125.7566917768127
1605.4926840108008
271.3354402958834
5402.355446584616
64.27789372543957
2484.648987764437
1371.835775434027
3813.9859300512558
3448.766420115368
1687.9779517950055
3890.7727502405673
385.3904767628702
11089.246270551466
