158
81
227
179
146
140
76
113
70
123
229
417
161
85
192
107
144
101
240
167
115
121
236
217
252
90
80
131
745
221
235
108
76
133
125
179
151
152
236
174
154
106
214
89
617
88
111
435
339
242
105
131
72
274
160
168
80
420
1010
155
231
212
123
230
124
98
78
218
92
233
75
249
134
185
167
183
71
216
168
166
98
193
166
77
84
128
118
78
154
1048
92
613
89
175
70
151
80
163
221
94
246
74
141
206
206
104
87
255
81
189
103
72
142
238
114
115
233
185
72
127
82
82
177
143
174
140
214
113
105
141
108
94
156
113
182
101
248
191
227
467
158
123
86
105
125
189
121
192
112
226
175
84
203
142
96
729
221
78
235
118
239
137
172
193
114
196
200
166
156
167
239
411
230
152
228
84
364
235
169
76
95
221
403
235
87
248
116
205
209
477
126
248
121
143
124
254
127
399
166
108
109
218
139
183
118
85
209
496
152
225
177
232
440
121
229
110
81
233
189
152
198
104
87
145
616
107
78
154
78
206
170
88
199
172
175
84
108
190
113
133
77
290
409
149
213
186
96
112
82
429
495
243
114
251
318
80
72
125
173
118
74
214
251
172
107
73
84
238
94
213
149
149
132
225
213
200
119
99
250
77
94
120
1395
323
124
238
225
133
148
97
82
108
201
105
70
1178
115
152
95
200
222
180
1327
98
234
92
233
253
208
110
386
239
157
143
270
1403
225
142
125
77
106
248
78
164
132
73
98
178
179
196
197
92
101
434
147
115
262
117
78
106
111
110
110
160
222
349
234
118
76
211
234
115
171
123
151
79
71
886
210
101
117
227
163
163
94
242
81
199
161
146
191
200
108
255
378
124
1221
101
173
121
1258
230
105
211
218
163
200
94
89
248
94
229
194
210
228
229
76
240
104
130
254
97
141
114
112
199
164
134
100
173
85
95
222
137
162
84
122
78
150
216
198
190
90
234
182
229
255
121
157
147
149
93
1206
114
174
127
281
190
85
105
70
128
134
226
244
91
226
249
80
1081
163
120
123
128
73
100
97
94
120
135
229
85
205
93
202
170
91
98
87
208
230
252
192
133
114
113
142
78
113
203
159
119
250
87
114
154
78
213
1232
203
699
155
89
129
156
110
74
750
158
487
98
179
375
94
98
156
75
223
124
1489
203
160
104
116
154
372
126
126
127
88
110
92
126
139
1026
339
202
100
122
103
77
107
75
242
247
95
209
243
211
73
420
1207
106
91
74
138
239
112
233
236
219
198
203
125
180
508
105
149
189
313
452
98
79
86
254
107
123
244
100
161
141
174
136
78
127
199
178
117
98
193
107
176
77
111
443
121
170
189
116
233
132
490
214
99
114
157
119
91
98
360
96
232
177
163
78
81
1423
243
227
460
241
237
218
127
102
183
188
103
222
94
78
497
164
203
149
232
215
1152
763
590
71
127
182
401
94
162
86
126
426
192
151
159
115
126
90
128
156
227
97
104
164
84
1393
1493
469
86
163
313
140
165
94
449
110
129
146
137
419
103
119
204
362
229
225
80
105
198
117
224
246
213
176
220
149
237
108
875
73
208
86
141
157
95
238
72
135
231
123
120
70
73
206
88
113
141
237
88
133
156
170
229
289
193
138
131
251
94
749
155
126
79
1454
115
190
202
89
106
99
97
158
132
171
1213
159
354
127
101
167
76
169
90
92
114
126
92
221
247
175
191
209
238
111
107
237
191
118
74
130
103
294
126
224
119
193
194
76
1211
118
173
209
235
105
246
172
202
122
157
85
80
115
70
225
171
186
165
101
240
91
137
129
441
106
82
84
119
128
190
97
117
231
240
202
186
102
194
90
161
238
126
124
88
186
247
71
155
180
103
181
126
146
215
125
111
109
173
345
123
199
92
1081
159
81
70
143
97
138
179
436
245
98
229
178
250
207
140
252
258
1451
218
84
122
106
156
224
208
1133
130
174
193
119
112
98
218
236
174
88
106
1129
120
102
87
172
141
194
213
123
95
113
112
1393
94
156
242
216
478
72
213
144
205
84
113
244
229
209
117
1393
809
211
147
115
219
105
166
682
173
434
176
224
290
207
87
121
196
215
450
79
168
70
185
156
225
77
718
101
142
210
192
1445
177
228
309
341
210
93
84
125
221
104
217
471
1131
162
185
153
186
188
119
222
249
446
100
114
157
144
104
219
111
78
82
121
76
174
72
135
71
88
160
160
97
232
252
242
82
252
115
73
251
759
88
83
1147
163
156
177
187
217
374
114
198
253
196
151
252
188
127
123
135
79
175
115
178
180
71
97
89
102
205
100
408
79
82
84
120
159
323
183
114
1444
72
191
181
209
126
125
230
73
112
85
193
272
222
84
251
102
187
72
203
363
210
89
154
1311
88
181
161
1450
317
86
84
1348
75
86
84
160
92
89
1351
166
225
98
240
149
188
80
400
88
131
158
85
240
70
131
184
255
122
182
113
179
225
164
238
135
172
200
241
77
456
1052
158
215
122
254
302
178
136
189
211
115
99
424
849
86
212
77
92
144
242
190
178
224
185
82
102
227
254
183
195
88
115
199
226
120
204
99
111
141
84
216
78
146
256
202
124
1063
98
206
161
110
95
663
185
81
138
109
239
501
254
238
227
208
344
98
179
99
118
114
107
480
110
224
130
163
210
245
206
443
1178
576
127
115
141
235
115
276
343
1024
147
169
195
84
103
97
114
222
77
136
211
159
111
385
485
101
252
85
124
271
102
85
85
82
75
96
103
110
75
110
208
89
110
205
152
144
181
180
93
190
230
303
134
80
233
121
84
227
179
121
124
200
101
111
229
219
187
415
217
203
91
1393
195
106
95
106
115
1474
74
333
1096
138
229
118
130
224
119
195
929
248
201
206
115
90
405
205
118
109
171
77
254
370
193
166
88
246
146
168
163
112
168
87
104
121
140
182
681
180
208
127
251
110
97
120
121
665
347
126
178
109
107
174
226
81
116
228
102
241
227
234
202
192
201
134
152
213
188
88
221
192
1153
281
79
174
231
1469
126
107
157
124
159
182
201
104
70
94
210
261
106
207
183
253
205
232
96
73
94
149
142
160
88
116
91
118
296
208
92
72
116
72
186
132
93
160
151
112
102
106
802
449
114
275
218
131
91
187
74
104
115
179
239
241
161
76
229
171
88
94
583
338
215
99
127
252
196
86
93
223
79
172
116
142
124
76
83
220
1252
101
250
127
182
92
115
212
121
107
428
124
81
231
217
248
471
286
236
145
177
137
142
86
93
210
103
236
253
182
82
245
236
136
150
91
153
178
145
115
169
170
220
106
217
77
219
133
115
248
191
198
228
110
95
82
88
74
172
895
184
98
211
438
195
121
120
462
498
140
393
437
97
161
116
130
232
220
70
168
142
171
135
506
850
491
223
146
877
81
140
103
80
117
193
151
158
81
95
113
215
126
120
163
230
254
146
193
142
114
117
88
91
90
76
237
230
346
209
136
222
230
257
101
208
98
331
120
78
146
243
121
237
503
1120
73
155
113
109
253
248
90
85
92
220
102
232
151
151
108
103
217
187
164
165
152
158
202
748
119
120
205
251
90
232
104
158
208
180
1445
139
216
167
86
91
194
226
150
177
223
127
237
240
80
119
116
97
242
415
203
181
180
117
194
368
73
188
109
84
241
104
107
312
163
189
214
202
100
120
116
125
94
173
86
213
70
145
154
99
229
316
113
182
236
119
71
107
137
362
198
119
156
308
346
177
122
232
228
186
120
73
73
101
105
142
213
136
102
1409
216
186
305
218
1070
119
116
182
109
151
78
83
165
136
121
1420
195
316
200
198
185
217
119
94
111
81
251
227
462
230
119
213
75
93
71
94
76
133
123
142
182
134
175
400
1311
209
247
150
110
119
103
148
161
1402
202
199
196
359
87
111
171
168
178
109
72
103
101
92
486
187
126
96
108
244
156
125
200
82
213
177
198
121
218
137
143
133
126
133
239
76
148
75
93
165
91
196
126
78
111
225
170
179
210
110
214
306
122
247
227
76
96
84
195
131
72
98
162
124
80
212
77
101
111
238
163
204
189
132
1079
161
220
236
205
77
74
164
220
190
70
198
147
70
79
1342
108
200
106
95
204
161
173
110
638
75
115
100
111
219
73
98
232
146
111
208
341
96
178
139
216
116
184
228
144
198
182
207
110
161
128
153
1035
88
228
253
133
198
253
108
84
168
467
214
209
118
77
78
231
189
254
193
135
245
250
100
254
196
179
238
90
94
232
255
100
225
170
200
95
74
147
112
204
79
180
98
77
133
203
109
1161
222
234
98
202
129
241
231
172
108
235
272
174
436
131
176
185
94
231
95
193
108
184
149
296
230
77
223
90
221
221
108
218
218
83
108
139
1211
404
1338
229
108
72
84
144
213
118
232
202
142
128
90
245
174
106
73
186
85
164
162
209
376
93
117
220
102
118
196
279
151
238
344
501
115
392
241
79
72
104
204
119
200
92
210
455
249
208
168
213
242
103
137
83
139
424
199
102
233
99
79
230
227
124
134
100
93
220
90
113
87
958
83
87
121
71
77
87
83
248
140
164
93
745
183
169
113
226
98
977
173
1355
132
77
89
198
91
119
243
81
83
77
149
152
228
1168
196
211
118
91
453
80
80
183
104
90
82
89
87
176
90
154
87
174
89
245
240
81
100
769
176
102
115
153
163
180
116
191
109
221
163
75
197
189
228
136
95
80
371
113
794
206
115
283
448
158
170
190
77
253
128
72
212
132
1030
196
297
213
133
75
244
224
788
75
225
110
94
81
97
149
87
94
154
427
229
109
172
225
117
246
165
242
1229
197
133
140
80
110
182
246
182
187
198
235
118
112
113
829
77
336
130
208
840
138
176
120
220
158
1179
222
122
95
123
406
250
179
81
110
1329
81
135
129
239
153
196
190
254
193
174
132
120
121
72
91
182
77
110
81
157
145
178
96
341
128
357
105
76
196
212
160
103
178
319
164
121
194
70
131
84
73
228
220
150
119
108
104
320
236
221
195
216
126
203
111
203
213
211
214
182
123
191
451
385
637
99
74
184
171
238
112
242
248
81
223
1270
212
183
204
143
128
159
158
163
209
214
194
202
104
105
236
136
83
122
245
180
170
375
88
422
73
119
185
72
250
222
114
73
237
206
103
86
116
97
181
73
145
115
227
94
190
217
143
89
164
120
92
123
186
82
1496
97
113
236
199
225
244
240
74
230
123
92
215
1131
206
195
182
1159
118
225
212
111
242
82
236
101
191
96
111
247
128
244
226
171
207
133
238
482
75
182
238
115
461
123
71
120
77
205
423
145
70
108
161
93
180
110
155
223
70
237
1234
153
107
417
122
76
1217
210
1136
204
120
167
235
102
119
229
212
71
181
186
128
94
143
125
237
115
208
162
232
175
942
239
296
199
71
187
159
158
78
80
197
95
255
132
178
169
308
97
91
251
155
78
199
153
206
215
104
206
132
193
111
165
247
106
135
118
468
104
692
99
188
97
137
229
134
163
93
150
171
148
199
108
137
158
130
101
187
205
156
95
247
251
198
154
88
196
119
83
72
159
216
127
251
155
206
121
95
495
218
1237
88
196
220
84
215
285
227
167
210
137
231
198
164
110
133
1056
234
115
228
206
141
200
809
465
127
247
218
110
114
140
190
115
130
180
122
242
115
75
105
81
149
196
109
216
90
596
83
206
1184
189
142
306
201
1352
204
1036
179
104
212
76
144
237
185
87
186
1313
91
138
102
107
461
194
453
231
195
232
101
379
81
107
138
96
194
186
143
123
168
76
167
101
72
153
211
112
94
214
115
199
232
72
127
78
163
161
168
246
194
248
88
148
871
92
147
445
96
100
132
115
98
100
128
95
1316
126
245
119
234
218
175
107
223
178
189
182
106
92
153
116
91
112
72
84
113
217
165
129
143
142
228
139
310
153
113
202
148
105
157
218
1391
115
70
238
149
140
125
72
208
253
142
90
173
187
200
326
173
131
253
79
391
149
474
229
71
111
73
155
113
129
254
507
468
89
228
179
111
101
190
175
140
250
1481
80
1258
202
168
222
92
118
142
96
93
123
207
96
734
675
89
1465
110
645
210
119
191
759
163
73
469
81
109
195
180
73
136
84
173
108
162
163
406
209
86
251
194
173
115
94
71
94
236
221
197
273
139
112
251
92
429
126
240
76
167
102
123
96
162
212
216
110
180
72
125
238
80
512
81
94
190
97
1103
74
89
88
78
101
156
87
805
127
210
113
192
88
88
199
77
120
70
404
218
241
153
205
149
1260
262
209
613
174
174
97
201
177
247
164
200
105
1322
109
241
102
218
481
139
178
107
211
81
143
213
94
203
117
87
119
104
233
182
178
184
230
214
225
116
126
199
233
235
255
113
217
84
313
920
106
127
86
983
189
213
138
139
242
161
126
231
210
229
117
239
229
134
175
122
91
164
107
104
872
172
313
92
137
105
225
253
140
104
205
218
136
79
77
161
107
88
107
119
626
159
228
103
133
164
207
176
104
93
196
78
94
134
250
251
392
135
164
127
136
89
143
119
105
121
137
86
168
466
183
164
85
133
244
196
216
102
215
107
126
185
115
115
70
1102
164
167
184
234
195
139
237
212
150
212
1013
88
215
190
89
363
93
134
109
203
234
158
185
129
148
1323
91
155
70
86
89
104
246
179
113
132
125
143
72
229
102
179
103
365
1492
176
219
108
264
220
95
128
227
170
149
241
80
193
76
256
149
253
217
156
296
252
128
200
119
174
144
215
87
167
198
254
157
114
144
104
88
86
83
98
143
97
170
247
240
118
163
72
141
223
170
126
188
156
119
183
197
199
75
233
190
206
247
180
90
93
131
226
160
255
234
215
76
97
111
178
195
196
157
108
142
105
163
97
151
450
93
251
126
113
166
194
106
71
236
220
107
203
92
190
229
85
121
222
232
179
86
76
168
215
112
146
180
93
242
139
215
88
89
116
74
154
124
411
207
559
106
203
167
117
73
90
123
156
338
105
83
77
108
228
238
125
236
85
118
83
152
241
97
71
127
111
142
97
106
247
287
254
1343
118
83
239
117
89
75
74
145
291
122
88
111
131
220
204
203
132
177
80
170
186
96
942
225
331
169
102
99
120
75
100
196
206
160
221
195
199
108
227
203
241
175
87
235
250
248
171
132
82
239
129
205
254
124
231
86
100
406
91
179
246
119
224
120
205
70
78
170
218
137
201
170
1429
154
81
199
731
112
75
255
79
108
331
221
191
178
155
208
483
89
231
126
142
125
158
164
212
88
1305
252
198
75
267
108
162
201
119
108
147
172
250
112
78
134
125
232
95
75
141
161
194
376
128
87
237
117
169
99
238
161
76
238
1305
184
72
172
129
129
81
232
82
82
125
72
202
131
166
239
499
250
181
242
133
100
158
169
88
78
250
70
191
92
91
132
186
217
112
231
108
71
82
97
228
117
180
251
211
146
811
76
211
208
225
144
1332
178
250
122
127
166
161
184
74
220
170
243
73
171
255
72
175
194
159
137
251
93
147
147
171
78
217
164
98
81
357
473
85
74
105
109
301
183
144
87
73
234
219
338
124
160
121
419
232
240
233
157
235
127
114
139
97
134
92
209
250
96
120
177
206
79
147
147
89
96
240
72
237
181
247
312
1450
190
111
253
96
116
250
113
262
253
1067
86
97
252
167
420
225
79
253
122
92
231
127
271
1239
73
221
390
181
125
303
140
105
96
147
214
135
81
153
90
195
107
221
147
192
167
99
909
121
131
219
416
82
254
80
177
827
123
253
177
143
232
133
88
245
285
250
178
77
165
1128
139
130
120
1164
99
126
181
360
119
118
1169
179
102
131
154
123
79
119
379
184
1418
218
250
729
74
239
90
209
112
141
177
127
134
85
107
271
119
200
155
245
158
206
108
95
212
71
93
196
126
80
157
101
71
133
89
96
245
198
92
84
328
206
94
302
236
194
200
113
233
211
102
98
120
78
251
92
227
172
1383
140
76
253
214
76
160
100
119
211
159
192
220
76
91
200
179
198
102
80
84
108
139
78
371
183
161
336
107
121
224
240
231
73
228
299
96
125
185
204
82
252
77
93
243
103
147
73
221
245
150
236
93
929
92
102
165
321
109
193
117
228
125
77
76
112
110
369
93
134
110
235
101
86
229
191
123
95
500
161
236
246
81
178
145
86
433
70
193
456
110
110
128
232
301
188
157
157
251
348
189
339
193
168
227
1128
103
432
170
98
92
249
140
200
198
94
90
107
221
107
214
217
255
1228
117
246
196
71
91
130
201
87
156
83
222
191
153
240
149
102
200
1422
224
125
237
118
195
154
1086
135
93
93
113
357
76
81
76
85
121
249
211
99
174
207
203
179
104
166
179
148
80
93
241
178
130
282
454
106
207
74
147
920
247
79
193
146
140
271
282
1374
107
149
219
147
235
110
130
175
249
79
97
1174
94
134
156
94
199
104
1452
159
319
234
191
161
203
97
77
159
353
222
94
89
221
102
255
71
232
182
210
209
92
182
180
78
246
351
89
84
126
172
191
787
114
124
79
101
107
98
1203
127
208
218
192
181
80
89
159
191
166
130
179
106
220
131
123
1347
97
178
130
98
141
81
123
238
74
145
135
81
244
117
247
201
95
639
192
87
647
174
1453
247
215
329
990
102
154
159
424
73
211
70
295
142
186
73
200
76
100
612
235
131
134
103
234
93
213
244
119
134
211
197
80
253
94
218
118
71
107
179
177
227
151
162
197
101
466
884
1214
110
232
118
201
210
341
139
332
177
1243
250
70
75
103
112
98
110
70
109
181
172
217
161
330
104
144
172
419
248
151
96
100
317
171
1277
170
90
213
83
180
224
123
245
206
105
155
106
160
101
110
237
268
230
120
127
123
189
241
116
474
70
143
456
176
235
212
234
122
163
104
78
125
1194
72
119
253
88
119
242
229
1176
126
91
104
183
89
440
124
114
171
228
212
208
227
118
120
188
121
171
83
72
230
244
1368
140
165
127
76
194
137
283
78
254
1111
101
125
205
189
104
186
78
73
228
397
155
175
418
241
152
119
122
232
172
183
157
122
222
235
94
117
234
239
110
70
157
123
98
74
86
122
109
96
94
80
139
200
119
170
127
74
493
325
1038
248
98
167
209
386
77
220
163
239
284
1116
510
84
90
160
85
174
116
77
1487
387
167
103
198
91
134
199
107
248
118
943
209
94
80
125
181
120
140
151
201
181
187
138
84
1086
332
209
254
126
186
135
207
254
221
116
148
178
108
486
172
169
87
113
192
252
224
113
164
115
80
165
123
191
204
75
96
158
224
82
1468
188
1487
89
110
91
154
1269
72
100
124
1386
201
156
446
92
211
191
182
134
230
95
197
226
77
190
87
132
81
185
110
125
154
73
114
82
73
114
149
123
99
1471
119
72
165
115
100
234
132
107
79
79
235
94
1055
198
1019
90
96
245
252
707
1450
132
223
251
246
117
228
286
683
241
557
154
84
171
172
226
1422
191
153
161
252
190
117
113
100
142
104
115
247
96
219
88
110
196
184
213
196
1127
230
152
185
89
113
158
84
178
102
123
115
132
397
91
228
240
91
1048
157
1259
152
129
1378
128
124
74
239
70
237
239
159
217
154
123
239
98
195
135
90
216
135
173
95
131
203
215
164
98
126
272
102
361
464
462
187
179
102
216
1058
81
1359
132
83
94
187
109
1268
243
146
111
1138
178
101
150
203
220
220
82
193
104
176
206
1182
109
76
233
211
239
123
82
125
241
124
235
482
208
346
964
75
88
1051
261
221
187
120
104
87
344
103
201
375
89
443
141
126
108
440
120
119
489
122
199
97
217
138
91
135
112
247
93
91
232
93
208
111
74
185
250
98
80
200
111
148
113
84
149
115
210
198
191
94
228
92
89
106
125
101
229
227
130
99
89
251
82
238
77
139
418
172
199
123
195
235
148
224
131
1098
98
80
134
182
160
91
94
132
215
94
252
81
94
92
80
105
164
742
151
230
93
106
246
136
178
162
244
122
168
163
86
242
202
192
875
254
163
212
967
298
197
228
75
148
198
122
121
242
224
200
234
78
212
93
309
217
195
184
74
169
211
125
1284
102
167
173
224
164
84
153
99
95
240
218
119
103
80
73
214
179
217
80
229
70
88
114
94
135
128
249
187
105
227
101
187
194
169
75
248
73
228
206
233
83
763
109
88
218
127
226
155
1137
106
95
124
110
242
130
344
104
85
107
212
108
217
211
197
80
85
104
247
198
784
467
104
173
142
251
252
94
104
464
238
121
193
115
76
222
243
227
1047
159
95
240
144
83
133
237
100
142
221
200
239
161
194
752
1038
218
415
89
133
180
96
139
153
96
83
174
184
1389
161
142
130
242
502
160
80
327
250
234
171
109
110
82
182
130
112
136
84
143
82
125
197
121
109
255
133
341
74
1296
113
102
129
236
253
101
220
74
170
104
252
145
127
164
200
105
110
193
161
202
123
203
149
73
131
119
522
358
326
90
195
156
99
175
458
125
117
109
109
149
166
147
124
218
158
131
186
287
190
96
90
245
93
206
107
180
160
123
912
174
176
85
74
243
229
183
122
148
249
241
87
87
132
230
389
173
167
117
202
109
87
93
134
92
133
93
71
236
872
84
84
1174
107
169
567
105
79
124
112
162
74
127
127
1052
118
682
149
203
388
161
99
148
91
113
86
172
108
107
145
122
81
77
121
194
99
111
1180
150
102
221
81
124
252
121
231
123
193
249
187
393
112
166
168
227
124
426
174
144
87
89
184
1123
216
130
189
100
136
135
164
224
138
448
114
289
202
1060
127
80
95
243
126
128
119
73
72
762
157
90
196
117
145
177
113
84
164
253
247
243
140
136
221
91
146
130
215
246
204
166
1181
127
99
125
108
174
249
231
234
267
109
108
130
187
125
241
370
135
1002
83
104
232
136
242
1384
556
137
89
199
236
216
164
207
77
205
185
944
128
96
240
101
99
117
104
198
147
194
108
230
138
217
170
195
150
111
233
212
164
251
90
362
92
207
145
198
251
154
208
205
77
195
219
72
165
332
131
242
316
238
94
208
227
181
87
152
74
106
105
228
236
410
104
248
158
94
187
106
222
94
183
1301
94
139
126
221
246
103
218
76
150
244
428
176
120
220
139
192
474
213
125
228
238
249
131
107
159
105
250
99
89
220
1432
85
232
135
226
78
237
78
91
81
159
127
104
171
122
239
407
174
225
109
99
199
222
125
244
114
143
124
128
184
1500
218
132
497
790
125
255
227
197
230
398
113
181
125
229
98
88
119
152
1412
120
1056
201
405
151
94
76
236
140
189
184
165
101
127
421
169
86
225
144
222
311
158
209
133
254
239
207
113
218
164
211
712
248
134
428
226
97
111
182
196
150
76
184
234
215
234
125
165
206
97
104
143
89
215
228
254
240
137
97
99
71
192
98
158
240
1467
74
273
237
86
146
83
112
149
131
123
105
71
314
234
513
138
189
211
179
1338
141
73
136
106
79
95
377
114
255
119
249
172
322
94
79
94
189
80
146
84
98
116
207
120
107
223
103
126
467
204
152
176
146
106
120
250
180
146
87
147
205
181
180
88
178
209
86
194
802
104
155
84
178
209
154
218
113
200
193
107
239
146
93
175
225
165
236
242
181
151
211
126
100
231
220
1308
97
228
212
182
901
165
170
149
124
692
101
75
311
87
106
104
87
252
155
353
86
210
172
209
141
199
117
248
74
176
251
114
210
1362
105
107
123
417
115
405
197
246
471
1321
136
501
112
129
244
207
72
220
190
186
87
218
221
118
190
81
207
127
216
108
123
112
126
126
80
98
221
170
112
123
692
126
238
249
1140
194
221
196
110
176
175
214
191
71
1359
187
270
85
102
213
114
235
194
239
78
152
132
120
144
222
100
267
254
229
249
176
677
193
135
242
199
235
120
138
114
133
218
161
139
153
230
246
479
103
1231
98
249
110
113
114
947
144
227
172
102
130
236
102
102
75
136
222
74
88
181
252
176
95
133
111
105
208
98
91
160
73
116
178
155
222
101
199
1259
146
98
71
114
208
300
74
220
202
87
396
787
236
363
131
198
115
146
133
109
86
161
209
73
95
92
191
798
186
103
165
74
179
102
99
224
118
456
163
249
220
119
197
227
104
113
155
104
78
127
201
194
113
121
253
135
179
254
171
208
254
117
204
233
170
127
76
190
100
70
95
314
241
392
320
236
236
156
71
96
75
200
146
165
244
136
161
130
106
248
239
186
115
223
110
93
176
119
184
245
100
106
93
175
129
124
210
217
136
193
156
97
77
177
204
157
179
1122
244
103
122
129
106
96
164
219
548
192
440
111
82
132
133
86
116
241
122
84
148
210
209
70
228
156
178
156
162
125
204
128
377
95
88
109
113
123
190
139
71
78
141
200
87
94
207
173
81
108
87
150
96
134
180
110
101
111
324
122
73
175
88
170
113
1151
99
86
93
74
118
194
178
191
115
157
259
89
93
147
219
124
81
125
104
133
197
223
924
136
233
177
203
171
115
82
240
74
166
113
356
219
796
187
281
227
222
445
146
75
221
135
242
70
107
94
77
186
161
227
166
232
601
79
162
891
246
1023
237
245
217
120
251
189
168
81
238
118
93
172
155
221
208
207
206
157
103
75
116
159
419
435
143
1391
78
122
175
178
202
89
109
87
175
216
157
306
220
251
126
170
75
229
233
204
180
210
790
123
136
71
197
207
471
86
79
238
465
84
171
231
196
117
347
181
102
979
185
123
104
132
165
97
131
94
160
152
165
1030
106
96
127
104
178
117
158
188
392
250
149
114
164
166
412
121
101
92
1045
180
245
385
118
235
75
217
218
120
70
141
455
224
406
105
193
215
135
100
176
148
123
152
221
178
131
76
198
129
248
119
167
240
126
108
81
73
115
180
215
74
91
209
180
308
167
196
153
101
237
87
225
123
214
199
74
97
89
219
254
96
360
186
227
383
143
97
145
78
134
204
108
78
82
123
119
770
178
121
203
146
219
225
174
156
187
121
242
216
141
504
141
670
103
130
117
102
152
192
221
131
183
80
91
224
253
239
169
190
191
107
118
175
210
120
391
167
249
182
106
98
70
231
101
240
249
201
450
125
82
78
187
102
116
865
189
121
113
83
243
103
102
497
189
106
250
117
89
127
226
116
1419
125
251
238
82
166
115
217
302
196
189
124
75
470
74
129
195
153
229
308
121
79
221
470
289
81
131
1237
170
171
1010
94
157
149
865
70
514
120
236
182
222
147
75
175
79
152
205
164
338
145
71
79
206
105
151
916
504
123
194
202
84
315
249
125
137
117
243
147
102
162
331
109
128
109
131
141
106
246
119
179
98
95
92
120
138
146
133
196
227
101
80
430
170
162
95
128
77
154
103
98
109
168
126
131
90
169
104
119
167
168
178
219
111
121
86
71
474
101
199
240
178
97
473
252
205
76
131
201
296
943
106
375
445
82
78
148
122
126
230
810
249
120
93
225
100
83
80
213
90
225
210
214
83
151
157
218
1069
195
111
118
97
130
104
115
189
74
210
1025
233
106
150
287
126
116
221
183
77
191
138
189
178
107
247
114
183
76
145
150
92
200
135
111
116
82
1211
387
106
248
98
343
257
114
116
160
98
247
248
160
122
232
208
261
1481
193
97
372
83
229
107
128
74
206
103
159
78
92
130
152
106
125
166
245
773
92
82
455
1148
122
146
100
230
172
246
186
493
116
327
97
208
149
216
161
218
126
172
325
213
81
143
135
85
203
85
105
191
214
138
219
100
193
91
221
90
101
143
193
200
153
136
1485
81
351
94
510
173
77
140
70
191
85
129
1100
133
328
176
154
146
253
94
163
238
1055
124
169
412
76
108
239
73
117
206
106
169
138
86
184
123
169
149
92
260
1203
131
165
109
171
156
214
98
109
77
247
111
138
274
200
200
245
108
124
72
125
322
133
188
144
235
233
123
212
483
293
76
72
81
247
102
145
155
220
600
150
252
181
254
194
141
199
78
363
172
104
110
173
123
135
294
224
75
148
88
223
99
237
218
78
85
163
268
1118
183
96
81
83
102
192
75
117
200
213
162
216
90
156
89
144
97
156
83
205
125
130
82
233
235
225
96
90
85
176
121
239
159
93
250
88
196
458
461
105
246
87
97
96
187
140
190
207
183
141
81
76
92
187
185
121
181
233
207
227
87
106
204
124
209
1334
199
71
115
167
254
208
177
122
114
172
236
241
368
244
206
142
177
180
115
90
169
1054
87
215
72
190
187
99
183
213
503
113
161
128
222
197
151
74
1091
178
83
411
1064
123
137
251
240
185
214
121
159
145
397
100
219
251
420
453
424
143
123
102
140
115
148
212
88
803
165
408
101
403
70
221
298
91
182
349
121
1451
110
189
1385
94
133
93
113
142
224
215
95
76
114
97
123
217
105
613
134
214
102
124
223
130
161
1248
175
117
73
514
250
74
159
149
132
160
151
139
166
75
95
216
174
129
329
93
227
252
92
101
119
254
99
372
374
82
224
151
124
247
153
189
240
98
119
246
75
1162
175
175
174
80
248
229
106
188
113
71
112
493
223
189
168
181
76
149
223
80
250
79
1421
93
228
413
194
170
144
204
169
293
73
108
242
137
175
1280
215
100
122
107
216
245
209
188
214
84
169
197
70
80
197
248
188
215
121
172
144
1308
103
200
135
165
273
228
106
197
179
104
296
133
103
248
129
1172
1468
249
232
149
161
212
101
497
102
156
158
174
245
1398
88
215
118
147
127
81
109
91
139
135
193
185
172
135
910
104
88
77
859
91
71
253
183
125
117
215
71
145
82
208
163
100
153
140
234
188
70
92
238
109
84
175
84
79
1349
145
77
231
197
249
103
216
109
104
178
252
176
245
767
241
98
153
125
71
211
385
72
85
184
93
174
361
125
86
238
123
144
96
124
161
87
443
1140
109
180
376
232
248
114
87
167
230
1353
140
199
136
174
76
113
160
449
82
154
165
76
475
159
166
154
228
116
187
122
476
79
230
79
71
93
111
124
252
208
70
232
336
99
106
97
149
125
107
136
450
501
192
253
414
108
174
246
222
145
143
165
360
181
145
223
918
136
217
744
120
95
89
75
198
225
78
272
218
232
511
195
100
89
84
511
237
93
426
207
110
250
88
169
110
204
177
143
78
160
211
79
108
497
222
91
87
248
162
93
128
101
328
86
113
133
149
87
206
174
206
105
98
77
173
70
127
93
147
72
93
100
98
1055
297
233
81
178
107
234
141
197
638
170
148
235
380
207
100
325
221
103
94
284
154
84
1113
366
162
201
151
200
87
90
82
94
178
162
241
83
80
104
230
169
171
251
122
162
168
182
106
129
108
135
150
184
241
127
227
207
263
139
254
97
93
82
70
177
199
120
172
113
229
157
77
224
97
193
125
248
106
254
214
164
95
76
208
140
236
76
238
198
161
117
223
218
113
143
464
214
103
120
75
253
127
81
174
86
142
138
193
70
193
87
133
75
88
127
187
82
233
215
82
77
110
83
206
147
119
139
250
176
164
85
113
122
218
165
120
167
1307
95
100
192
227
75
93
122
133
113
219
199
212
209
208
247
122
152
197
508
121
79
154
87
100
106
79
114
138
127
123
200
211
72
186
82
173
106
101
139
269
218
177
80
225
242
78
375
251
213
140
141
102
192
125
111
244
327
206
99
325
190
96
122
461
175
88
156
158
701
95
116
104
233
224
109
144
221
1421
385
93
216
254
96
167
251
108
469
97
148
251
114
182
175
366
1366
201
244
125
102
444
251
121
240
219
124
241
120
78
1333
195
1226
89
213
90
120
78
252
240
86
191
175
105
72
302
70
102
1406
100
243
176
206
468
189
98
142
186
93
224
255
155
369
203
208
110
81
132
197
115
115
1241
127
213
327
126
158
220
109
118
358
116
130
119
148
227
115
73
175
117
182
499
114
152
1261
159
184
99
121
80
120
132
154
201
155
196
226
185
75
108
221
82
132
143
110
239
932
194
124
152
137
89
248
146
123
121
96
99
367
156
103
601
107
127
158
114
73
200
166
101
221
197
384
102
148
145
249
139
340
201
290
295
191
318
185
244
121
88
79
109
88
82
80
127
156
107
464
85
497
411
83
105
233
163
106
213
215
104
90
229
112
86
109
187
118
79
135
135
226
230
100
167
73
97
71
1286
246
88
151
165
186
223
214
70
141
120
103
132
169
118
178
397
420
221
189
102
243
500
88
170
137
145
240
952
163
186
103
179
1060
142
182
220
248
222
475
125
169
111
72
333
123
80
70
1148
308
255
220
74
183
158
157
76
79
170
157
1231
226
109
118
123
192
94
77
204
118
397
361
611
101
79
143
130
80
73
130
84
122
757
142
130
188
1270
117
98
193
259
107
240
99
234
106
105
139
140
196
94
137
212
114
198
185
180
490
99
88
177
80
74
185
809
164
104
203
101
95
114
127
776
70
319
171
93
131
181
77
138
73
224
104
347
81
381
206
119
90
96
172
239
246
84
142
166
237
392
185
119
83
206
199
71
152
205
213
166
121
87
234
150
445
159
272
223
149
82
88
231
182
83
170
154
138
122
556
174
81
161
199
93
104
90
91
102
103
89
83
121
90
89
132
242
164
180
88
96
155
105
208
199
188
147
430
133
300
78
104
220
244
83
123
134
190
144
238
79
93
122
85
246
182
179
248
476
96
204
98
237
94
222
99
71
192
149
84
472
109
160
254
201
80
158
126
125
145
180
133
145
141
113
72
85
179
160
88
175
114
216
133
216
231
672
373
174
1162
153
73
134
316
151
128
79
1354
189
101
143
98
168
149
167
193
169
102
198
90
98
245
255
87
249
209
158
98
1249
79
88
371
99
95
111
157
108
272
873
193
209
91
163
232
143
90
171
140
117
85
105
99
110
182
1109
164
106
445
249
204
215
1101
150
131
122
113
99
227
149
188
250
108
1336
1070
173
221
78
205
81
110
735
186
117
89
93
186
217
241
212
245
143
135
228
172
202
121
90
250
151
131
97
105
70
212
86
155
251
78
94
133
102
165
125
222
173
264
187
90
467
113
78
80
116
213
476
106
106
187
227
490
218
1498
201
243
133
246
139
247
100
206
150
245
254
103
81
73
119
221
102
216
251
466
944
475
124
103
235
217
209
193
160
189
157
108
73
124
74
179
103
154
182
707
213
260
84
207
242
159
167
81
1080
180
307
125
247
82
125
223
173
123
98
244
225
237
208
93
74
185
180
1342
238
74
230
1324
85
198
248
865
110
79
113
133
246
94
210
183
196
216
134
216
176
411
172
77
145
140
133
1071
1433
119
150
176
70
82
70
151
118
138
154
431
88
119
111
95
147
143
182
188
309
136
134
174
201
230
75
90
181
85
189
163
232
90
96
168
1320
120
107
74
87
206
1264
164
218
147
191
101
85
76
100
1156
96
480
148
208
817
621
370
241
487
183
216
231
123
80
183
220
119
92
115
121
154
148
203
190
177
159
307
207
124
125
207
73
255
184
134
110
77
156
74
76
84
78
90
136
86
248
83
135
169
93
188
193
130
175
124
105
83
146
268
73
98
82
254
103
96
343
103
93
303
92
1335
193
167
199
246
252
143
119
92
85
120
81
178
161
112
172
664
153
268
194
77
185
378
166
243
229
212
234
123
83
127
234
140
118
109
113
178
195
114
126
112
349
92
137
70
175
97
119
217
221
255
116
581
476
109
206
82
136
1388
92
232
100
162
85
81
215
74
107
170
83
197
189
96
94
1381
111
249
163
220
161
727
125
119
103
160
242
207
118
1373
114
199
94
151
509
121
128
238
228
143
116
224
112
256
238
1136
99
196
155
199
159
82
120
778
88
179
114
200
168
175
146
473
74
115
200
467
150
150
102
94
203
435
100
76
94
88
178
101
1162
212
93
94
394
72
77
237
153
113
119
98
107
194
219
109
130
77
173
105
112
148
84
204
87
133
258
93
158
168
182
124
335
93
246
85
110
204
144
103
134
85
170
178
207
210
135
395
127
172
192
246
94
81
211
202
197
228
79
127
172
229
213
79
83
202
134
135
136
220
178
115
118
204
119
92
151
183
167
103
191
225
213
147
175
939
93
132
165
171
226
131
239
71
77
198
189
158
142
233
182
73
229
105
187
405
182
126
191
248
128
96
86
849
121
81
1392
103
83
192
1496
246
107
344
93
181
190
151
120
212
75
163
84
73
231
81
332
457
248
105
134
71
74
151
84
95
186
182
345
195
71
131
79
190
251
901
114
107
88
232
217
252
136
510
193
157
126
77
391
171
214
148
210
81
114
172
183
169
164
218
166
73
157
164
128
76
218
214
115
246
159
106
107
1377
213
178
255
207
156
70
170
194
104
448
95
82
83
98
192
225
206
159
198
276
91
182
431
114
110
254
84
114
1218
83
437
122
244
98
153
90
176
171
110
237
201
214
222
77
72
115
74
226
217
215
177
223
110
236
88
218
142
181
118
1311
99
214
96
126
109
376
170
204
76
110
245
255
162
155
382
94
96
253
503
564
146
131
102
113
129
206
141
250
121
141
215
119
147
76
111
226
188
150
147
110
676
117
142
107
178
172
492
86
185
227
312
251
176
106
166
163
205
112
100
201
90
229
217
227
221
175
85
170
173
83
130
84
199
191
194
173
252
222
152
199
95
385
76
142
321
202
173
119
145
109
123
169
136
96
184
190
73
203
154
238
81
108
411
82
71
111
248
280
120
184
87
85
252
92
106
94
88
124
109
213
93
103
129
255
387
221
147
132
273
242
112
176
212
101
160
108
105
1210
106
186
222
223
233
142
104
220
107
117
77
221
94
84
110
180
153
206
412
235
112
132
170
91
221
665
177
73
136
172
236
169
109
226
205
108
160
166
110
152
183
126
1323
169
251
393
869
107
206
705
70
191
484
124
88
90
166
167
84
133
93
141
204
255
74
1267
141
103
455
90
87
226
194
148
661
72
151
422
116
203
112
91
548
144
235
73
133
112
126
113
149
203
122
148
178
82
195
383
198
181
369
154
174
254
107
129
654
239
77
184
148
230
205
164
157
87
75
136
127
180
156
384
175
133
212
124
76
605
82
163
97
202
137
105
147
119
245
82
176
164
244
173
84
77
96
255
1231
75
85
204
219
129
81
1500
1474
348
198
101
121
98
83
206
207
217
178
162
216
120
91
480
222
191
154
219
1184
122
315
86
73
207
98
100
118
90
190
182
87
187
227
112
511
170
1468
245
99
1233
131
138
123
198
105
255
124
79
128
201
161
75
143
109
204
98
448
173
77
108
110
224
70
115
109
102
73
250
87
74
197
227
84
246
204
79
110
499
148
134
750
152
103
201
229
300
74
148
145
253
123
228
225
88
87
89
84
125
179
400
172
179
103
90
95
97
104
190
149
125
86
157
153
95
71
910
144
86
137
252
169
174
175
214
747
94
142
105
189
695
211
72
180
196
155
157
118
147
394
114
105
118
128
150
92
97
247
194
211
197
133
82
117
89
122
132
143
238
248
81
204
158
160
107
89
101
134
208
123
81
165
126
185
85
191
307
122
120
116
81
204
246
80
121
104
122
156
123
147
167
235
233
125
240
111
75
120
105
102
122
70
108
516
92
77
111
183
190
85
233
308
105
243
226
161
1303
102
350
195
221
250
178
236
156
165
225
85
76
131
126
96
79
149
102
150
79
181
888
90
236
236
169
100
116
192
94
85
247
158
175
104
83
120
225
116
74
202
140
110
998
168
132
203
195
79
369
141
79
232
173
211
155
101
154
125
112
110
179
492
102
218
88
1113
245
143
222
125
139
243
156
112
231
129
86
113
213
90
246
176
201
121
148
103
191
118
228
152
139
123
134
145
71
222
248
121
130
161
93
78
103
1265
83
101
229
470
147
196
93
221
89
79
123
133
100
100
106
93
88
207
526
187
71
127
304
199
81
223
236
158
103
153
121
134
228
212
186
271
107
122
88
94
114
99
143
318
270
255
121
78
261
275
194
140
74
172
190
348
183
127
220
255
96
238
211
158
254
188
108
242
478
166
233
79
134
176
504
159
111
928
212
188
226
143
73
111
248
122
135
185
228
324
144
115
136
124
129
163
207
117
111
230
80
342
75
90
197
106
89
147
140
1134
114
109
114
226
112
170
162
147
151
229
89
109
1435
114
241
136
101
313
1352
235
225
145
123
79
72
245
104
78
109
110
79
176
190
107
174
184
116
138
222
214
125
192
165
143
211
152
137
95
106
197
72
99
1475
349
83
221
185
83
118
165
164
157
101
124
215
93
125
150
250
262
204
75
115
131
117
137
220
132
209
1115
918
97
220
101
92
214
150
331
121
116
126
165
158
116
213
107
125
451
72
160
125
72
106
130
92
134
191
114
176
126
399
113
218
75
150
213
101
110
249
101
208
138
150
109
98
233
230
108
131
424
200
137
177
206
91
158
252
104
1217
127
268
94
255
971
213
95
130
345
777
106
136
129
505
161
231
118
283
107
367
72
232
82
185
205
90
103
211
189
83
216
230
189
83
246
97
240
205
179
129
188
175
233
1115
125
227
117
165
163
186
85
110
237
245
347
117
143
71
122
94
179
315
96
388
407
89
165
278
98
207
75
1089
166
242
97
117
253
223
170
457
151
74
109
197
1309
86
257
123
223
1314
99
73
127
176
197
112
230
192
72
124
71
156
210
252
216
223
74
182
578
236
163
175
205
80
176
132
159
109
203
212
201
117
93
255
118
255
113
167
117
138
300
185
962
145
253
79
192
258
236
163
101
79
172
73
173
87
185
73
147
200
162
444
213
648
196
174
175
117
102
78
162
89
160
145
165
172
213
346
148
884
194
105
359
83
144
1056
89
101
383
174
92
93
240
101
173
206
127
134
85
165
89
177
197
139
92
380
191
205
229
123
418
136
118
101
184
164
95
237
549
106
139
109
78
222
125
195
206
216
428
203
536
159
96
142
222
89
312
123
219
118
99
542
119
117
177
213
184
224
267
81
162
124
1208
467
79
795
481
209
207
217
145
201
78
123
75
225
83
1288
99
120
137
145
218
416
250
116
105
126
377
118
153
236
250
248
155
208
235
72
93
202
151
102
99
171
165
238
252
112
144
1310
222
222
92
116
151
1181
224
1316
393
221
73
248
208
118
475
89
220
95
177
252
254
1095
170
87
80
148
120
162
71
228
280
1462
192
203
170
191
140
159
1090
192
125
145
124
255
166
74
695
84
88
76
243
223
209
191
132
139
88
448
104
121
175
83
125
146
143
239
1219
179
159
193
113
101
196
107
87
113
76
133
189
109
330
247
106
165
229
176
152
87
82
83
228
219
185
106
176
159
251
430
90
244
298
187
198
98
146
891
154
199
90
146
109
441
156
132
126
135
117
251
157
74
186
211
162
640
137
116
214
126
156
84
83
405
239
87
223
154
137
318
209
97
149
191
244
70
94
167
166
89
242
218
146
195
138
254
79
91
279
222
116
1228
96
161
352
99
241
111
248
90
219
278
92
153
227
449
95
147
127
166
203
201
84
146
164
191
233
140
233
95
237
101
142
499
182
291
498
207
112
160
254
114
226
85
78
92
208
107
93
105
89
117
1109
593
216
227
224
119
201
192
157
244
80
166
110
1083
453
235
106
189
86
186
174
121
116
131
71
211
99
249
89
191
77
193
189
165
182
132
193
114
130
149
111
186
127
209
104
165
174
224
193
93
340
222
122
172
219
250
115
161
183
320
254
97
186
172
106
395
106
98
252
223
165
178
103
169
178
160
168
73
166
243
82
126
70
102
77
155
84
129
115
164
1244
118
231
219
381
1488
85
103
221
254
98
111
240
211
120
224
126
222
113
214
95
185
159
91
219
141
148
211
82
126
221
93
175
157
1273
111
231
223
112
228
667
92
174
235
71
522
101
419
85
183
85
96
204
77
80
117
106
106
124
238
383
217
70
82
98
75
111
218
214
106
186
74
103
80
262
75
200
236
91
131
452
223
466
225
219
221
73
225
196
174
108
95
150
110
110
223
215
134
138
198
1193
217
247
100
202
229
112
103
144
141
98
106
124
162
213
99
219
77
92
153
113
192
243
916
157
122
148
244
203
265
482
81
120
155
965
193
249
240
182
239
164
197
189
79
180
251
103
87
89
79
205
1165
111
179
123
109
88
325
130
193
165
88
133
192
120
107
90
230
234
195
121
355
179
193
233
163
83
110
231
94
91
121
265
119
159
270
184
247
254
171
215
250
110
249
239
70
114
107
183
179
115
109
255
103
88
203
126
126
1348
330
90
223
82
243
483
459
112
187
108
81
118
940
237
207
118
200
118
208
185
115
1204
171
143
265
235
127
122
109
216
229
95
193
70
141
90
123
175
227
254
83
1200
145
87
254
156
151
156
217
242
86
211
96
80
121
333
130
107
130
164
255
324
172
101
80
121
88
91
354
325
159
226
212
146
234
85
94
194
398
390
157
116
100
219
224
73
221
118
201
1167
118
224
94
413
189
175
151
82
182
85
371
206
115
192
111
209
206
82
93
173
221
212
320
80
133
98
195
899
221
149
132
1230
238
247
165
179
99
218
126
139
250
70
194
640
93
185
325
173
80
140
746
134
149
182
236
175
125
234
98
488
484
226
175
1492
87
211
179
199
251
154
208
162
251
175
247
108
119
99
240
219
1384
204
187
1270
182
112
192
130
143
140
1350
288
142
199
103
168
81
128
139
401
192
191
818
373
141
160
117
157
138
227
495
81
124
158
175
109
93
188
104
114
227
136
93
253
97
375
171
330
156
178
649
139
129
1213
117
82
154
136
91
96
445
239
136
255
149
500
