1340
1370
1288
1428
1035
1341
1394
1202
1197
1235
1227
1358
1131
1259
1476
1154
1421
1043
109
1204
1178
1216
93
1210
1111
1428
1282
1195
1465
149
1278
1394
1443
1139
1346
1127
1406
1177
1452
1033
1483
1051
1174
1097
1191
1172
1480
1156
1139
1242
1494
1483
1472
1463
1284
1057
1199
1143
1078
1061
1478
1487
1493
1025
1231
1211
1364
1079
1200
1090
1031
1287
76
1074
1294
1124
1314
1067
80
1039
1423
1102
988
1399
1386
1335
1039
1471
1381
1041
1487
1433
1485
1364
1100
80
1279
1389
1164
1347
122
1158
1165
1252
1331
1348
1424
1321
204
1067
1174
1124
1220
1439
1052
1487
1383
1427
1498
1066
1484
1214
1052
1228
1474
1081
1062
1088
1296
1235
1107
1251
1068
1228
1233
1471
1088
1294
1134
1257
1454
1222
1260
1328
1432
1438
1195
1411
1445
1500
1448
1401
1211
1481
1360
1309
1486
1359
1427
1055
1330
1055
1051
1041
95
1392
1475
1192
1224
1470
1173
1498
1147
1107
108
1349
1057
1304
1253
1277
1091
92
1395
1454
1445
1050
1202
1455
1246
1197
1456
1378
1416
1269
1175
1117
1205
1102
1211
1467
1070
1067
1436
1143
1056
1153
1364
1075
1222
1116
1044
1129
1102
1387
1029
121
193
1396
1324
1086
1106
1479
1261
1393
1340
1414
1451
1101
1341
1172
1148
91
1302
1259
1313
1058
1383
1405
1288
1121
1256
1458
1181
1434
1324
1331
73
1155
1380
1122
1278
1103
1446
1410
1082
1339
1394
114
1333
1115
1107
1418
1089
1136
1287
72
1105
1119
1278
1289
1341
1064
1436
1167
1045
1477
79
1186
1161
1400
1416
1374
1081
1212
493
1130
1220
1118
1144
1405
1212
1294
1178
1313
1185
1093
1259
1409
1267
1194
1408
1271
1197
1335
1464
1147
1249
1347
1216
1305
1356
1198
1031
1116
1220
1061
1386
1271
1309
1046
1232
1193
79
1293
1458
1091
1229
1218
1080
1349
1083
1236
1310
1441
1314
1086
1200
1363
1488
1468
1120
1071
1248
1124
1218
1343
1122
1055
1423
1320
1198
1161
239
1323
1250
1325
1461
1066
1394
1035
1329
1399
1063
1363
1060
1161
1129
1143
1220
1081
1083
1091
1395
1186
1409
1073
1403
1246
1361
1393
1187
1302
1260
1211
1240
1376
1125
1427
1279
619
1133
1471
1038
1188
1150
1346
1219
1097
1057
1340
1235
103
1025
1048
1142
1211
1098
1142
1154
1448
104
1232
1068
1334
1184
1422
1309
1327
1318
1219
1420
1333
1394
1378
1221
1134
1191
1271
88
1060
1301
1202
1420
1287
1402
1054
1119
1092
1339
1448
1419
1304
1080
1448
1244
1255
1081
1186
1378
1253
1352
1455
1251
1268
1148
1449
1475
1131
1120
1238
1165
109
1490
1099
1148
412
1439
1487
98
1267
1106
1495
1279
1454
1425
1298
1119
1300
1196
1228
1315
1092
1371
1165
1448
1461
1342
100
1309
1106
1415
1100
74
1343
1163
1037
1453
1314
1332
1033
1345
1252
1323
1494
1028
1412
1365
1048
1367
1488
1075
1344
1434
1055
1282
1327
1368
1124
1289
1302
1239
1159
1398
108
1455
1473
1389
1126
1119
1247
1450
1430
1457
1427
1491
1319
1130
1255
1234
1470
1045
1450
1227
1357
1423
1042
1243
587
1337
1345
1230
1225
1294
1160
1210
1055
1323
1433
1430
1044
1262
1477
1237
1164
1335
1395
1454
1333
1131
1339
916
1073
1045
1241
1197
1139
1026
1216
1361
1187
1316
1052
1032
1041
1319
1337
1060
1190
1370
1496
1447
1382
1030
1088
1406
1194
1099
1283
241
1340
1298
1425
1477
1107
1198
1429
1378
1303
1283
1281
1089
1378
1129
106
1213
1258
1061
1169
1190
1165
1074
1060
1114
1218
1133
1050
1386
1468
1434
1044
1054
1419
1210
1150
104
1383
1477
1214
1217
1159
1079
1431
1416
1116
1112
1405
1270
1157
1074
1077
1032
1149
1194
1329
1328
1029
1183
1162
1413
1476
1491
1307
1113
1060
1306
1125
1150
1135
1336
1072
1266
1402
1304
1164
1459
1314
1468
1234
1029
1047
1205
1479
1316
1078
1237
1317
1235
1169
1178
1034
1284
1361
1187
1117
1279
1242
1418
1211
1318
1063
1274
1128
1096
1319
1220
1079
1482
1135
1302
1089
1402
1200
1489
1343
1278
1070
1257
1090
1120
1303
1039
190
1382
1160
1430
1038
1417
1177
1416
1096
1401
1174
1314
1465
1417
1494
1261
1102
814
1138
1268
1381
1044
1340
1200
1222
1355
1408
1043
1362
1467
1034
1272
1217
1310
1215
1267
137
1470
1345
1173
1112
1188
1193
158
1089
1025
1199
1281
1257
1195
1415
1369
1173
103
1458
1297
1160
1157
1445
1213
1127
1149
1075
1264
120
1145
1132
1467
1468
1297
1411
1106
599
1067
121
1083
1026
75
1076
1474
1446
1500
1325
1494
1299
1172
1353
1388
1489
1377
1126
1319
1419
1228
1233
1109
1119
1089
1288
1024
1118
1233
1198
1129
1324
1192
1223
1093
1408
1218
1315
1034
1052
1232
1301
1026
1163
1484
1375
1423
1251
1092
907
1281
1420
1393
1122
1030
1235
1124
1271
1346
1488
1207
1247
639
1321
1251
1221
1109
1153
1492
1091
1409
1090
1413
1413
1320
1117
1137
1126
1258
1397
1051
1215
1362
1205
1100
1437
1139
1153
1480
1319
1403
1416
1262
1155
1104
1108
1203
1286
1218
1180
1067
1334
1239
1337
1487
1411
1308
1085
1348
1153
1093
1343
1071
1219
1446
1481
1058
1494
1459
81
1419
1317
1367
1374
1375
1058
1491
1424
1406
1341
1248
1470
1341
1256
1226
1324
1397
1231
1282
1105
1251
1418
1069
1454
1137
1307
1030
1319
1424
1034
1027
1070
1065
1045
1222
1163
1091
1322
1499
1219
1028
1205
1237
1130
1487
1297
1169
1105
1203
1370
1069
1340
1493
1272
1365
1434
1303
1156
1297
1457
1130
1330
1167
1480
1316
1447
1400
1035
1299
1093
1087
1273
1129
1056
1366
1416
1460
1283
1264
1048
1350
1071
1326
1413
1142
1490
1259
1179
1414
1072
1246
1046
1284
1439
1249
1212
1219
1241
1102
1346
1090
1307
109
1214
1345
1233
1426
1234
1405
1459
1070
1165
1429
1445
1289
1288
1106
1053
1308
110
1497
1292
1498
1475
1220
1430
1450
1044
1219
1424
1456
102
1440
1497
1157
1348
1064
1295
1359
1227
1331
1155
116
1184
1118
111
1345
1476
1047
1357
1196
1210
1400
1339
1234
1042
1115
1268
1355
1262
1456
1393
1357
1234
1319
1052
1422
1445
1422
1172
86
110
1426
1181
1109
1040
1396
1064
1308
1352
1246
1217
1256
1233
1042
1321
1166
1330
1035
1157
1197
1038
1234
1480
1111
1185
1499
1356
1330
1182
1055
1478
1329
1183
1054
1087
1459
1164
1193
1208
1048
1262
1414
1221
1477
1297
1306
1395
1254
1130
1474
1493
1460
1333
1301
1159
1200
1500
1398
1470
1178
1241
1309
1220
1179
1212
1319
1277
1101
1213
1228
1296
1317
1306
1349
1443
1421
1187
1371
1325
1132
1314
1461
1115
1233
806
1117
1118
1276
1376
1205
1167
1162
1177
1482
1207
1265
1140
1245
1177
1185
1146
1083
1338
1298
1201
1244
1462
1273
1036
1058
1286
1361
1153
1040
1400
1390
1063
1434
1246
1100
1112
1421
1489
1365
1291
1499
1195
1185
1360
1271
1037
1254
1186
1123
1151
1354
1216
1134
1441
1039
1082
1419
1035
1041
1357
1351
1414
1039
1269
1137
1122
1127
1284
1212
1039
1470
1077
1459
1486
1160
1158
1164
1142
1419
1270
1235
1263
1414
1268
1478
1099
1335
106
1265
1059
1479
1452
1471
1440
1158
1202
1370
1230
1208
1243
1088
1068
1035
1234
1439
1027
1039
1447
1499
108
162
1473
1226
1098
1289
1377
1318
1247
1193
1258
1161
1400
1036
1452
1449
1264
115
1347
1215
1356
1031
1289
1467
1427
119
1391
1177
1230
1421
1027
1386
1195
1340
679
1142
1101
1205
1044
1290
1131
1103
1422
1103
1023
1412
1336
1065
1446
1149
1391
1353
92
1269
1113
1383
1456
1261
1170
1037
1495
1352
1127
1327
1084
1296
1454
1283
112
84
1351
1497
1382
1101
1120
1262
1330
1418
1414
1355
1216
1442
1454
1276
1331
1335
1160
1087
1223
1359
1260
1130
1063
1031
1051
1394
1220
1026
1309
1304
1083
1337
1049
1201
1377
1483
1242
1207
1499
1385
1030
1446
1402
1360
1091
1181
1193
1130
1193
1394
1314
558
1105
1186
1433
1404
1194
1114
366
1239
1442
1074
1312
82
1235
1241
1159
1052
1457
1176
1407
1041
1451
1496
1096
1056
117
1185
126
1469
1438
1113
1185
85
1162
1428
1158
112
1404
1116
1391
1083
1273
1398
1309
1388
1350
1377
1213
1141
1338
1443
93
1368
1362
1090
1295
114
1383
1226
1363
1086
1332
1049
1156
1387
1077
1281
1411
1307
1472
1130
1076
1470
1459
1082
1375
1367
1415
158
88
1184
1344
1238
1060
1023
1041
1028
1083
1117
1268
1102
1346
1301
1280
1192
1444
1497
1201
1106
1300
1175
1053
1141
1351
1203
1465
1191
1280
1058
1099
1334
1351
1487
1213
1026
1463
1483
1206
1500
1344
644
1497
1371
1091
1056
1077
1370
1310
1205
1247
1103
1188
1258
1218
1343
1443
1341
1406
1423
1215
1284
1292
1441
1023
1345
1201
1336
1499
1214
1116
1366
1090
1062
1262
1341
1213
1078
1197
1127
1404
1119
1461
1331
1175
1100
1302
1332
1167
1374
1281
1024
1082
1200
1310
1411
1455
1227
1100
1078
1421
1218
1277
1166
1025
1096
1331
1358
1293
1321
1309
1086
1479
1187
1183
1156
1319
1249
1352
1228
1327
1045
1363
1157
1250
1371
1310
1228
1404
1496
1049
1150
1282
1268
1498
1403
1335
1188
1117
1171
1498
1206
110
116
1489
1062
1167
1077
1250
1044
1389
1437
86
1296
1430
1185
1086
1385
1166
127
1395
1089
1151
1079
1089
1308
1397
1217
1057
1092
1098
1195
1215
1310
1034
1364
1280
1102
1422
1498
1307
1334
1136
1233
1390
1057
1363
1300
1272
1250
1285
1296
1485
1271
1445
1336
1442
1270
1494
1079
1225
1323
1138
1500
1300
1106
1496
1038
1053
1365
1208
1284
1227
1185
1189
1069
1330
1279
1188
1495
1175
1223
1381
1289
1150
1407
1290
1311
1349
1199
1417
1430
1027
1455
1500
1373
120
1331
1317
1201
1191
1061
1410
1313
1063
1181
1347
1161
1075
1089
1120
1214
104
1308
115
1076
773
1205
1070
1259
1172
1066
1393
1387
1137
1377
84
1338
1314
1032
1073
1435
1461
1463
1485
1436
1048
1245
1027
1452
1166
1250
927
1298
1215
1160
1041
524
1432
1192
1108
1425
1261
1278
1134
1223
1116
1239
1279
757
1243
1135
1057
1463
1171
1425
1435
1161
1237
1470
1327
1165
1300
1338
1110
1281
1426
1269
1054
1434
1446
1345
1439
1176
1130
1469
1336
1214
1105
120
1455
109
1126
1278
1058
1162
1321
1176
1249
1379
1438
1168
1277
1404
1050
1079
1319
1212
109
1277
1045
1025
1140
1029
130
1299
1237
1099
1495
1339
1167
1053
1379
1180
1309
1460
1159
1053
1286
1090
1161
1268
1230
1238
1455
1140
1177
1444
1173
1386
1082
1146
1135
1235
1431
1190
1445
1147
1381
1027
1373
1180
1194
1151
1250
1086
1373
1432
1338
1169
1334
1189
1071
1407
1046
1500
1224
1233
1032
1196
1075
1076
1231
1379
72
1174
1161
1113
1195
1065
1416
1316
1223
1149
1350
1158
1275
1454
109
1111
1387
1084
1380
1340
1292
1364
1341
1328
1397
1199
1439
1439
1420
1391
1256
1026
1099
1110
1153
1074
1118
1033
1297
1446
1316
1090
1458
1444
1068
114
1140
1148
1178
1151
1351
1185
1263
97
1371
1252
1401
1283
1443
1101
1385
1422
1130
88
1471
1466
90
1273
1298
1042
1144
1145
1251
1148
1095
1198
1444
1480
529
1317
1382
1135
1260
1451
1466
1235
110
1213
1255
1054
1246
1239
1357
1139
1206
1074
1467
1111
1288
1359
1123
1158
1246
1159
1167
1047
1075
1043
1385
1191
1280
1197
1160
1460
1137
1169
1027
1368
1243
1179
1197
1265
1368
1198
1195
1180
1408
1153
1269
84
1351
1288
1292
1271
1391
603
1465
1312
1339
1044
1300
1119
1333
1254
1429
1418
1168
1427
1157
1074
1488
1191
1224
238
1452
1137
1327
1219
1297
1169
1213
1074
1258
1147
1156
1440
1266
1260
1228
315
1252
1100
1243
1354
1204
1283
1162
1088
1083
1023
1072
1133
1113
1242
1410
1364
1472
1100
1458
1188
1165
987
1208
1368
1195
1168
1242
771
1355
1287
1385
1121
1067
1189
1067
1156
1209
1486
1226
1365
1214
1142
1182
1375
1272
1422
1483
1104
1023
125
1395
1042
1240
1327
1392
1097
1413
1332
1464
1318
1136
1083
1085
216
1240
1444
1485
1169
1185
1197
1294
1367
116
1358
1429
1112
1112
1240
1343
1091
1277
1351
1045
1204
1283
1231
1293
1355
1488
1188
1189
1388
1286
1215
1369
1424
1280
1154
1395
1032
1263
1313
1221
1236
1213
1314
1114
1295
1417
1110
1040
1162
1070
1308
1062
1466
1188
1208
1175
1049
1494
1040
85
1062
1282
1302
1153
1104
1355
1111
1098
1350
1390
1495
1068
1447
1168
1023
1460
1421
1176
1352
1474
1170
1238
1131
1272
1271
1261
1031
105
1172
1259
1228
1064
1270
1281
1183
1238
1478
1306
1453
1498
1292
1033
1124
1266
1261
1371
1325
1049
1042
1172
1088
1241
1137
1204
1474
1279
1366
1127
1425
1328
1382
1454
1129
1150
1221
1318
1028
1076
1242
1052
1033
1040
449
1120
1239
1404
1498
1318
1464
1132
1101
1246
1377
548
1120
1390
1180
1344
1427
1418
114
1282
1387
1393
1481
1430
1082
1323
1440
1449
1100
1483
1287
1207
1275
1158
1143
1470
1322
1200
1059
1155
1031
1239
1195
1427
1049
1381
1171
1367
1196
1358
1348
1378
1128
1086
1056
1490
1056
1214
1033
1302
1443
1308
1257
1191
208
1208
1281
1355
1483
557
1082
1441
1397
1289
1497
1312
1386
616
1261
1490
1109
1417
1252
1073
1451
1116
1438
1324
1079
1119
1090
1058
1407
1370
1397
1426
1230
1105
1454
1401
1105
704
1436
1264
1068
1300
1373
1207
1291
1217
1481
1460
1098
1377
1210
1393
1471
1129
1325
1321
1037
1486
1199
1454
1089
1078
1369
1051
1438
1071
1036
89
1195
1482
1405
1383
1491
1431
72
1295
1202
1174
1468
1401
1412
1444
1426
1112
1063
1422
1363
1105
1221
1247
1071
1171
1196
1185
1116
1375
1378
1444
1293
1185
1356
1486
1285
1048
1206
1153
1206
1198
1278
1409
1457
1058
1025
1467
1051
1256
1367
1380
1092
1254
1338
1370
1389
1097
1119
1220
1433
1306
1453
1241
1212
1296
1158
1341
1141
1024
1431
81
1170
1316
1430
1094
1339
1466
1290
1268
1422
1389
123
1226
1126
1107
1275
125
1473
1186
1318
1027
1176
1428
1371
1173
1290
1415
1145
1103
1093
1366
1169
1474
1202
1282
1117
99
1063
1083
1112
1200
1199
1444
1403
1420
1140
1348
1201
1365
1130
1492
374
1315
1136
1474
1247
1094
1298
1397
1180
1036
1232
1105
119
1453
1451
1180
1398
1053
1289
1257
1109
1227
1342
1324
1477
1230
1286
82
1358
1281
1427
1157
1069
1212
1441
1038
1228
1496
1186
1240
1023
1385
1173
1186
1307
1185
1337
1241
1454
1467
1046
1031
1103
1495
1413
1318
1332
1197
1065
1223
1430
1495
107
1102
1220
1369
1204
1323
1044
1195
1246
1224
1209
1398
1054
1150
1362
1183
1329
1114
1463
1259
433
1208
1216
1061
1001
1258
1275
1230
1468
1444
1027
1108
1206
1114
1124
1493
1281
1477
1295
1192
1132
1415
1484
1164
1438
1215
1217
1400
1258
1317
1409
1346
96
1265
1475
1079
1268
1397
1134
1172
1043
1293
1464
1169
1162
1378
1176
1245
1217
1278
1079
1181
1078
79
1360
1406
1202
1219
1117
1306
1279
1287
1033
1222
1343
1034
1262
639
1408
1490
1223
1413
1231
516
1500
1080
1325
1087
1320
1176
1125
1087
559
1226
1378
1033
1298
1044
1033
1341
1159
1248
1449
92
1251
1304
1304
1074
87
1438
1032
1377
1175
1103
1198
1019
1395
1344
1181
1242
1399
1493
1416
1156
1084
1083
1280
1131
1336
1300
1085
1105
1116
1044
1349
1072
1213
1282
1350
1224
1453
1097
1447
1330
1473
1049
1422
1200
1424
1356
1125
1419
1394
1470
1149
1404
1238
1178
1176
1345
1102
1381
1326
1079
1411
1417
107
1081
1304
1375
1117
1085
1285
1051
1039
1132
1371
1456
1471
1061
1383
1357
1249
1289
1370
1453
1261
1234
1357
1403
1045
1378
1220
1345
1251
1326
1116
1060
728
1492
1290
1136
1364
1065
1161
1457
1494
1461
1381
1283
1223
1346
1096
1255
1244
1056
1073
1087
1223
77
1122
1190
1487
1192
1190
1172
1046
1481
1316
1469
1177
1401
1414
1339
1251
1443
1261
1443
1095
1441
1496
1445
1289
1061
1436
1129
1317
1391
1217
1191
1215
1244
1208
1492
1433
1133
1480
1312
1161
1484
1452
1344
1041
1317
1312
1045
1168
1364
1237
1441
1041
1154
1490
1185
1454
1079
1212
1208
1218
1430
1116
1315
1468
1105
1405
126
1200
1069
1123
1343
1431
1048
1244
1225
1324
1255
1336
1420
1440
1050
1247
139
1293
1112
1404
1163
1039
1173
1419
1096
75
1489
1216
1477
1179
1051
1314
1130
1102
1391
1044
1441
1200
1288
1338
1125
1259
1406
1143
1370
73
1198
1248
1301
1403
1213
1180
1045
1372
1285
1456
71
1277
1191
1175
1152
1104
1082
1279
1215
1195
1433
1324
1229
1349
1089
1384
1115
1250
1133
117
1032
1352
1040
1064
1389
1162
1115
1147
1377
1231
1426
1288
1457
1465
1230
1499
1183
1310
1065
1171
1482
1129
1423
1248
1254
1074
1356
1411
1215
801
102
1098
1207
1473
1461
1062
1320
1112
1076
1181
1367
1455
1107
1140
1372
1386
1086
1462
1284
1260
1024
1458
1221
1157
1413
1273
1167
1457
1129
1359
1418
1209
1242
1233
1098
1040
1282
1244
1095
1186
1196
1395
1348
1035
1087
1235
1167
1396
1440
1422
1062
1428
1079
1093
1416
1131
1084
1045
1448
1153
1425
1280
1059
1138
1051
1403
1372
1418
1142
1357
1332
1184
1077
1385
1289
1118
1134
112
1443
1236
1440
1197
1175
1052
1219
1078
1490
1399
1326
1428
1058
1355
1318
1347
1105
1097
1028
1211
1454
1048
1076
1098
1347
1370
1438
1361
159
1147
1237
1351
1374
1263
1193
92
1317
1324
1155
1353
1232
1469
1187
1327
1469
1387
1315
1228
97
1237
1267
1271
1487
1100
1212
1481
1403
1103
1039
1196
1319
1093
1117
1093
1099
1239
1376
1052
1168
1482
1495
1318
1121
70
1145
1258
1044
1078
466
1243
1056
1262
1472
1468
1285
1297
1204
1287
1423
1480
809
1196
1039
1477
1135
1276
1064
1392
1362
1056
1297
1111
1073
1132
1280
1427
105
448
671
1024
1367
1434
1330
1377
1490
1291
1355
1295
1291
1445
1116
1301
1302
1035
1477
99
1303
1182
1315
1291
1046
1436
1140
1242
1121
1220
1191
1089
1383
1245
1130
1314
1129
1050
1351
1496
1431
1484
1108
1449
1106
1377
1173
1209
1325
1286
1106
1344
1038
1486
1464
1113
1147
1399
1195
1419
1475
1118
1429
1135
1296
1086
1410
1410
1119
1233
1467
1347
1326
1368
1264
1362
1287
1172
1070
1031
1033
1489
1486
1026
1497
1315
1448
1098
1159
1192
1186
1354
1483
1398
1260
1356
1433
1145
1243
1336
1140
1473
1464
1248
1162
1322
1196
1453
1254
1050
1331
1287
1093
1040
1486
1057
1435
1390
1298
1103
1281
1213
1366
1101
1270
1226
1085
1381
1192
1128
1244
1479
1036
1272
1295
1497
1310
1237
1353
1245
364
333
1098
1469
1141
1276
1132
1168
1169
1405
1214
1201
1211
1468
1163
1361
1128
1467
1345
224
1095
1449
78
1228
1288
1382
1033
1442
1315
1495
1232
1268
1498
1225
1187
1115
1161
1119
1185
1374
1122
1479
1316
1185
1372
1390
1483
1446
1179
1346
1040
1040
1094
1298
1447
1062
1125
1083
1067
1417
1413
1190
1221
1350
1201
1088
1058
1321
1263
1471
1038
1179
1146
1429
1441
1300
1301
1144
1259
1228
1314
1284
795
1247
1324
1412
1302
1489
1264
1164
1468
1491
113
1380
1125
1183
1459
1272
1428
1037
1243
1492
1157
1131
1162
1464
1411
1489
1399
1435
1246
1494
1445
1163
1161
1337
1180
1371
1156
1276
1057
1274
1367
190
119
1436
1228
1132
1362
1455
1380
1444
1490
1449
1442
1288
1239
1211
1419
1237
1189
1308
1254
1163
1136
1048
1062
1230
1212
1235
1166
1228
1380
1402
1154
87
1283
1057
1261
1037
1109
1428
1073
1496
1197
1380
1478
1062
1028
1474
1407
1436
1319
148
1189
1422
1405
1499
1059
1308
1158
1167
1463
1265
1084
1235
1339
1292
1262
1443
1202
1225
1466
1083
1130
1414
1485
1419
1446
1094
111
1025
1164
1108
1178
121
1437
1207
1252
1296
1064
1210
1302
1173
1382
1126
1058
1462
1400
1220
1377
1115
1123
1472
1128
1268
1077
1305
79
1033
1460
1129
1043
1164
1237
1399
1027
1098
1165
254
1298
1425
1323
1285
1287
1378
1407
1277
1244
1446
1436
1167
1052
1329
1455
1409
1231
1227
1235
1320
1229
1277
1361
1112
1480
1077
1451
1462
1204
1164
1292
1426
1493
1411
109
1305
1394
113
1125
1217
125
1170
1210
1479
1461
1088
1449
1337
1192
1299
1159
1378
1041
1432
1379
1413
1309
1056
1442
1030
1178
1200
1234
1029
1050
1281
1201
1494
1083
1116
1468
1056
1152
1233
1187
1258
1164
1482
1180
77
1128
1180
1147
1108
1038
1084
1156
1039
1099
104
1500
1485
1239
1444
1292
1045
1177
1395
1107
1242
1178
1116
1115
1207
1199
1324
1055
1307
1263
1155
1180
1374
1295
1428
1113
1183
1053
1137
1350
1185
1196
1427
1481
1475
1301
1055
1494
1353
1319
1383
1190
1339
1377
1445
1156
1444
1487
1290
1395
1195
1467
1153
1342
1422
1351
1266
1482
1496
1353
1313
1370
1480
1313
1471
1431
1027
1057
1313
1109
132
1259
1101
1394
1074
107
1123
1099
1444
1237
1382
1033
1459
1221
1229
1394
1321
1033
1166
1103
1057
1329
88
1330
1028
1448
1132
1126
1500
1149
1418
1416
1335
1290
1047
1339
1332
1370
1434
1463
1325
1235
1439
125
1060
1170
1084
1120
1189
1057
1154
1488
1384
1464
1313
1376
1386
1432
1441
1394
1311
1211
1025
1048
1419
1396
1315
1260
1318
1080
1300
1219
1112
1412
1148
1085
1384
1461
1394
1454
1273
1395
1209
1200
1328
1339
1261
1354
1356
1146
1134
1079
1322
1055
1458
1045
1227
1297
1301
1062
1261
1172
680
1192
1308
1443
1478
1060
1183
1486
1107
1388
1285
1195
1219
1258
1445
1341
1455
1459
1246
1308
1400
1454
1231
1079
1039
1294
1381
1030
1484
1415
1398
1250
1043
1104
1339
1493
1051
1212
1304
1435
1152
1295
1445
1136
1213
170
1217
1355
1496
1097
1079
1344
1489
1199
1223
1085
1256
1052
1127
1390
1051
1453
1069
1190
1401
1176
1348
1210
1127
92
1120
1337
1411
1107
1310
1060
1375
1411
1292
1122
1201
1408
1318
1377
1204
1052
1340
1127
1301
1385
1095
1354
1369
1233
1452
1165
1318
1308
1086
1306
1162
1439
1361
1131
1249
1034
1449
1048
1025
1377
1291
1211
1407
1095
1383
1361
1216
1131
1080
1326
1280
1082
1402
824
1245
1416
1058
1401
1081
1140
1303
1221
1183
1049
1483
1442
1190
1190
1467
1317
1159
1200
1188
70
1183
1228
1139
1270
1458
1042
1368
1495
1238
1061
1465
1260
1048
1499
1447
95
1183
1182
1482
1356
1086
1096
1043
1097
1149
1469
1172
1266
1496
1339
1209
1105
1293
1105
1394
1474
1333
1054
1167
1377
1048
1039
1475
1329
1495
1077
1207
1352
1294
1131
1392
1279
1495
1073
1297
1241
1185
1495
1033
1380
1445
1100
1380
1480
1223
1332
1308
1096
1244
1278
1250
1458
1177
1492
1346
1256
1191
1291
1099
188
1230
1267
1321
1413
1446
1035
1296
1132
1041
1153
1219
1413
1056
1256
1217
1317
1295
1221
1245
1403
1452
1328
1387
1120
1275
1398
469
1132
1362
1360
1355
1474
1353
100
1167
1274
1105
1182
1461
1175
1360
1435
1337
1203
1245
1037
1453
1394
1260
1332
1272
1468
1480
1301
1241
1172
1322
1079
1300
1314
1025
170
1454
1218
1348
1353
123
1055
1077
1426
1181
1026
1370
1286
1437
1121
1337
1412
1312
1194
1459
1274
1463
88
1440
1364
1411
1286
1079
1056
1156
1352
1061
533
1347
1123
74
1294
1041
1141
1032
1406
1254
1365
1347
117
1049
1348
1347
1075
1473
1452
1261
1293
1281
1245
1381
1378
1362
1106
1354
1372
1475
1070
1255
1141
1450
1124
1150
1314
1039
1081
1345
1499
1305
80
1167
1173
1052
1387
1382
70
1229
1205
1070
1299
1233
1206
1176
1433
1120
1262
1302
1404
1243
1329
1306
1482
1214
1371
1429
1404
1082
1088
1236
1443
1181
1267
1309
1254
1480
127
1272
1280
1302
1274
1476
870
1242
1326
1354
1059
1464
1054
1498
1189
1109
1278
1133
1341
1155
110
1488
1103
1323
1033
1055
1247
1221
1387
1057
1091
71
1458
1235
1063
1322
1434
1262
1442
1301
1287
1403
592
1479
1193
74
1132
1091
1101
1075
1206
1061
1078
1323
1371
1272
1221
1416
1280
1471
1032
1197
1476
1197
1110
1395
1235
1166
1422
1439
1318
1079
1293
1350
1208
1486
1453
1404
1104
1289
1330
1250
1109
1052
1277
1352
1385
1467
1447
1293
1057
1296
1494
1153
1076
1134
1280
1213
1335
1167
1273
1336
1068
1446
1134
1491
1323
1366
1216
1108
1203
86
1087
1404
1057
1227
1089
1364
1269
1176
1080
1457
1488
1241
1315
1123
1433
1223
1068
1217
1040
1124
1119
1316
1372
1408
1186
1165
1077
1338
1135
1303
1095
1389
1099
1469
1459
1479
1390
1258
1337
1237
1467
1385
1476
1143
1472
1457
74
1315
1331
1146
1077
1486
1356
1252
1050
1213
1181
1188
1128
1455
1277
1219
1376
1229
1164
1303
1039
1086
1199
1060
1272
1481
1408
1066
1244
1329
1480
1114
1208
1410
1462
1475
1128
85
1197
1200
1097
1272
1132
1286
1326
1136
1472
1076
124
1254
1346
1491
1352
74
1095
1246
1383
1296
1277
1104
1265
1376
1463
1452
1200
1403
1170
1229
1381
1286
1214
1475
1370
1293
1210
1420
1032
1484
1170
1243
1441
1436
1426
1030
1362
1384
1230
1333
1304
1217
1360
1154
1498
1442
1123
1105
1496
1386
1310
1459
1157
1475
119
1047
1262
1215
1073
1203
1193
1421
1368
1406
1120
1133
1340
1092
1193
1155
1100
1055
1262
1287
1136
1347
120
103
1221
1439
1167
1476
1467
1458
1039
1052
1390
1267
1194
1057
1247
1088
1329
1454
1243
1371
1174
1245
1412
1412
1053
1062
1357
914
1283
1176
1386
1168
1354
1473
1341
1051
1170
1422
1167
1060
1158
1290
1441
1192
1148
113
1098
1410
1211
1221
1192
1327
1084
1260
1272
1089
1190
1188
1449
1335
1311
1043
1442
1475
1305
1438
1425
1067
1113
1345
1225
1169
1237
1039
1374
97
1423
1318
1342
1168
1467
1050
1216
1058
1322
111
1451
1107
1198
1460
1266
1457
1348
1440
1128
1483
1038
1336
1048
1482
1305
1410
1331
1313
1100
1263
623
1201
1280
1411
1087
1201
1356
1333
1379
1386
1150
1426
1473
1271
1129
1322
1031
107
1302
1330
1345
1346
1386
381
1339
1145
1302
1029
1405
1427
1036
1045
1358
1026
1460
1432
1444
1320
1077
1249
1056
1375
1108
1191
1445
1401
1078
1199
955
1432
1172
1418
84
1086
1462
1163
1368
1062
1167
1151
1234
1255
1122
1465
1068
1130
1092
1228
1267
1101
1306
1176
1222
1212
1035
1114
1143
1308
1166
1029
1216
1353
1202
1218
1377
110
1326
1328
1189
1120
1487
1200
1362
1336
1444
1242
1386
1053
1143
124
97
1301
1266
1222
1343
1187
1336
1151
1354
1216
1169
1491
1212
1309
1262
1386
1496
99
1496
1252
1361
1162
1483
1371
1368
1301
1157
1245
1333
1278
112
1334
1430
1362
1274
1295
1109
103
1166
1156
1040
1293
1423
1349
1351
1374
1444
1391
1183
103
1060
74
1042
1386
1456
1232
1394
1033
1095
1266
1113
1363
1320
1043
1373
1456
1305
1340
1419
1405
1073
1256
1031
1161
1282
1388
1152
1138
1154
1080
1424
1351
1210
1372
1458
1490
1496
1129
1489
1287
1430
1095
1093
1060
1229
1352
1181
1416
1302
1343
1327
1236
1130
100
1043
1108
1280
1274
1267
1416
1278
1412
1179
1498
1430
1243
1491
1146
1222
1260
1237
1325
1416
1223
1386
1101
1373
1039
1154
1060
191
1459
1399
399
109
1162
1050
1122
1486
1184
1071
1317
1228
1165
1032
1386
1216
1162
910
1434
1499
1042
1048
1284
1261
1071
1037
1483
1255
1142
1147
231
1394
1399
1425
1091
1074
1033
1244
1210
1290
1045
1079
1306
1482
1271
1106
1444
1141
1106
1043
1369
1071
1248
1174
1152
1267
1153
1107
1448
1320
1309
1343
1224
1377
1151
1068
1192
1258
1398
1125
1197
1079
1123
1438
1217
1287
1342
1452
1468
111
1405
1479
1205
1083
1135
1038
1132
1075
1146
1229
1378
1182
1338
1407
1213
1184
1118
1218
1144
1455
139
1040
1490
1178
1235
1230
108
1323
1152
104
1411
1423
1051
1241
1303
1222
1181
1406
348
1042
1066
1037
1353
1264
1293
1071
1423
1082
1104
1402
1346
1218
1408
1246
1497
1327
125
1271
1118
1260
1305
1353
1227
1493
1444
1438
1284
1374
1368
1340
1234
1399
1119
1294
1458
1228
1384
1500
1186
1132
1163
1029
1198
1256
1475
1391
1147
1150
237
1107
1093
1250
1221
1050
1208
1360
1296
1057
1046
1454
1307
1211
1058
1281
1186
1418
199
1332
1106
1247
1054
1311
1356
1050
1033
1079
1404
1076
1093
1094
1080
1114
1090
1453
1159
1060
1416
1101
1143
1435
1164
1319
1354
1162
1116
1403
1218
1067
1117
1262
1308
1151
1149
1200
1368
520
1196
1125
1381
1116
1452
1435
1418
1342
1233
107
1379
1036
1034
1150
1112
1198
1145
1408
1338
1317
1109
118
1243
1121
1315
1316
1304
1241
1266
1124
1379
1401
1196
1214
1226
1443
1139
1361
93
1274
1170
1153
1413
1494
1212
1242
1431
1232
1242
1198
1431
1193
1387
1379
1469
1289
1496
1444
1393
1145
1185
1258
686
1436
1200
1112
1454
1378
1398
1442
1292
1121
1440
1314
1140
1205
1057
1106
1135
104
1364
1344
74
1065
1277
1106
1277
1494
1213
1178
1069
1202
1232
1132
1280
1282
1423
1254
1188
1324
106
1306
1189
1147
1170
1291
1378
1170
1123
1479
1484
1281
1265
1333
1462
1080
1450
1113
1028
1436
1264
1205
1177
1089
1277
1490
1460
1080
1443
1295
1463
1406
1173
1149
1319
1254
1369
1396
1089
1114
1383
1082
1070
1195
1040
1327
1252
1294
1108
1202
1141
1235
1101
1045
1053
1061
1329
1111
100
1081
1476
1146
1167
1054
1447
1414
1264
1494
1297
1134
1327
1267
1300
1072
1143
1323
1496
1446
1261
1404
1343
1120
1251
1283
426
1046
1024
1109
1315
1229
1252
1285
1226
1457
1124
1447
1222
295
1219
1434
1388
1496
1114
1408
1322
1390
1438
1145
1347
1201
1144
1463
1045
1230
1060
1064
1340
1051
1416
1499
244
1273
1077
1053
1271
1169
1379
1040
1432
1419
1023
1038
84
1109
1273
1266
1393
1129
1215
1224
1135
1078
776
1023
1443
1372
1470
1435
1251
1320
1151
1281
1089
1385
1077
1252
1419
107
100
1441
1390
1288
1130
1480
1296
1093
1493
1216
1139
1150
1114
1194
1357
1338
1415
1109
1056
1202
1253
1299
1357
1500
1207
1231
1366
142
120
1248
1097
1300
572
1135
1437
1192
1490
1364
1479
1080
1281
1316
1314
1096
1478
1181
116
1086
1270
1059
1075
1471
1026
1146
1352
1042
1075
1225
1270
1104
1118
1040
1137
1237
1405
1121
976
74
1393
1345
1459
1049
1309
1098
1173
1299
1231
1099
1463
1368
1218
1113
1209
1215
1470
1268
1273
1075
1363
1378
1470
1417
1172
1059
1288
1038
1024
1066
1344
91
1483
1418
1320
1304
1165
1042
1489
1292
1360
1396
1279
1331
1384
1061
1314
1288
1127
1246
1066
1212
1242
1497
1474
780
1291
1354
1145
1090
1084
1479
1425
1206
70
1030
1373
1375
1398
1300
1313
1211
85
1418
1461
1339
1376
1292
1341
1479
1042
1302
1195
1394
1370
1412
1204
1050
1356
1325
1147
1256
1279
1037
1147
1183
1354
1314
1354
1490
1166
1147
1245
1093
1185
1388
1381
1438
1414
1058
1115
1261
1136
1123
1086
1381
1489
1449
1359
1402
1395
1472
1227
1037
1213
829
1091
1441
1090
1358
1285
1237
1208
1151
1091
1239
1398
1147
1058
111
1048
1174
1186
1417
1157
1339
1380
1249
1485
1119
1430
1399
1244
1295
1447
1073
1382
1154
1315
1346
1024
1496
1304
1380
1227
1025
1060
1197
1447
1420
1171
1173
1263
1334
1110
1058
1450
1084
1499
1407
1032
1430
1093
1270
1424
1023
1040
1325
1496
1469
1425
1443
1427
1043
1283
1029
1093
1148
1060
1399
1447
1258
1141
1444
1179
1230
1071
1358
1323
1058
1028
1452
1049
1332
1128
1455
1128
1500
1249
1103
1023
1155
1041
1440
1236
1025
1092
1099
1079
1171
1106
1359
1032
187
1251
1348
1389
1047
1134
1108
1153
1145
1240
1316
1260
1234
410
1026
1380
1332
1100
1435
1308
1276
1245
1289
1289
1309
1394
1081
1484
1319
1311
1357
1259
1106
1179
1112
1230
1451
1280
1027
1363
1038
1220
1264
1061
82
1478
1444
1461
1462
1459
1499
1473
1243
1162
1462
82
1072
1275
1400
187
1200
1336
1199
1357
1309
1054
1148
1232
1220
1412
1158
1223
1220
1151
1193
1322
1373
1345
1330
1204
1079
1308
1159
1284
1464
1181
122
1186
1244
1446
1056
1342
1050
1166
1197
1128
1161
1031
1066
1393
1054
1229
1198
1157
1452
1331
1395
1357
1183
1186
1330
1389
1388
1448
1436
1417
1111
1034
1300
1052
1180
1148
1166
1070
1410
1090
1295
1252
1039
1423
1121
1321
1288
1104
1418
1298
1490
1036
1492
1272
1437
1030
1154
1128
1473
1087
1186
1122
185
1294
1148
1163
1240
1179
1165
1220
1345
1233
96
1390
1264
1164
1062
1213
1043
1371
1392
1231
1145
1300
1217
1171
1232
1497
1479
82
1461
1269
1344
1500
1211
1416
1378
1196
1228
1191
1425
1186
1083
1403
1301
1034
1318
74
1171
1249
82
1241
1053
1151
1201
104
1243
1193
1315
1461
1240
1487
1200
1409
1323
1140
1289
1091
1381
1151
1477
1101
1303
1380
1357
1039
1134
1133
1204
1475
1393
1154
1101
1190
1302
1255
1241
1126
1035
1251
1372
1342
1119
1103
1222
1286
1216
1204
1234
1321
1393
1257
1260
1444
1385
1165
1287
1500
1127
1152
1209
1325
1026
1317
1028
84
1048
1326
1214
1431
1216
1128
1206
1131
1452
1087
1432
1481
1314
1069
1042
1051
1150
1056
1126
1156
1248
1288
1171
1256
1198
1317
216
1399
1338
1115
1164
1142
1256
1320
1046
1207
1141
123
1264
1434
1473
1351
1210
1261
1383
1398
1326
1081
1125
1483
1252
1337
1155
1150
1341
1066
1393
1351
1229
1318
1135
1270
1314
1239
1461
1381
1214
1327
1320
1181
1359
1370
1325
1041
1085
1414
1325
1152
1381
1326
1109
1483
1425
1372
1156
1038
1320
1496
1313
1173
1220
1189
1494
1342
1068
1298
1498
1381
1218
1299
1213
1202
1326
1047
1041
1234
1354
1198
1163
1334
110
108
1133
1332
1235
1284
207
1151
1323
1413
1487
1250
1032
1202
1355
1226
1426
1089
1415
156
1460
1062
1381
1065
1467
1463
1324
1214
1088
1372
1294
1162
1119
1170
1182
1308
1451
1404
1448
1320
1116
1033
1238
1166
1046
1180
1218
1211
1325
1179
1455
1106
1316
1024
1105
1338
1253
1384
1354
1242
1025
1423
1026
1352
1215
1133
1483
1110
72
1081
1441
1372
1497
1258
1387
236
1099
1180
1307
1101
1094
1105
1200
1431
1347
1023
1399
1112
1169
1328
1414
1406
1187
1338
1169
1139
1481
127
1104
1165
84
1303
1321
1209
1055
1158
1368
1410
1191
1204
1344
1244
1500
1029
1151
1196
1382
1310
1406
1206
1199
1391
1362
1213
1430
1479
1224
1060
1036
1370
1062
1427
1028
1302
1433
1114
1169
1286
1456
1398
1069
1491
1344
1455
1171
1423
1387
1307
1091
1392
1096
1388
1481
1188
1376
1212
1316
1407
1378
1109
1121
1327
1064
1360
1276
1115
1179
1495
1419
1494
1154
1382
1481
1325
1248
1356
1351
1095
1186
379
1195
1195
1096
1120
1101
1140
1066
1088
871
1080
1422
1497
1239
1311
1291
1473
1435
1321
1238
1364
1300
1104
1484
1488
1353
1359
1207
1117
73
106
1122
1436
1042
1036
1260
728
1346
1275
1438
1199
1181
1311
1460
1072
1388
1256
1215
1203
1365
91
1315
1196
1106
1084
1496
1058
1205
1127
1382
1431
1390
1491
1043
1248
1100
1363
1484
1324
100
1301
1299
1196
1411
1175
1065
1109
1291
1358
1288
1199
1073
1023
1366
1478
1109
1204
1278
1084
1136
1089
114
1442
1428
1285
1495
1146
1474
1180
1169
1207
1359
1451
1084
1106
1481
126
1039
119
1326
1490
1058
1368
1098
126
555
1374
1125
1160
1084
1034
1434
1230
1250
1371
1385
1374
1282
1277
1428
1328
1214
1375
912
1082
1423
1237
1057
1075
1354
1239
1071
1315
1353
1053
1172
1265
1337
1254
886
1463
1246
1405
1172
1076
1056
1470
1342
1390
1260
1443
1111
242
1335
1039
1086
1368
1033
1179
1360
1345
1243
1424
1398
1048
1381
1154
1268
1163
1150
1072
1303
1233
1034
1098
1167
1350
1025
1481
1316
125
1170
1205
1108
1158
1380
1386
1455
1480
1110
1306
1112
1160
1258
1138
1448
1146
1037
1182
1047
1292
1213
1086
1301
1070
1493
103
1208
1062
1219
1429
1159
1217
1114
1042
1429
1468
1038
1191
1266
1266
1220
1117
1324
1239
1204
1301
1311
1383
1118
233
1235
1104
1459
1442
1092
97
1396
1377
1410
1393
1316
1436
1255
1457
1496
1219
387
1279
1482
100
1327
1309
1281
1386
1486
1286
1145
1456
1193
906
116
1292
1396
1419
1212
1217
1396
1270
1374
1461
1345
1269
1249
1153
1474
1202
1303
1131
1097
1339
1348
1080
1488
1387
1282
1214
1412
1070
1479
1050
1218
1490
1297
1407
1145
1409
1116
1057
1310
1411
1118
1299
699
1186
1047
1105
1367
1184
1367
1165
1470
1412
1478
1120
1446
1254
1162
1370
1105
1455
1382
1343
1023
1103
1431
1318
1046
1081
1360
1058
1328
1164
1190
1273
1379
1498
1353
1412
1220
1056
1121
1318
1039
1127
111
1180
1209
1439
1201
1116
1330
1146
1326
1371
1080
1487
1167
1115
1031
1234
1408
1065
1234
1457
1163
1144
1025
1078
1160
1372
1171
1170
1370
1145
1340
1105
1366
1384
1361
1328
1189
1172
1394
1250
1164
1496
1353
1146
1259
1162
316
98
1112
1452
1024
1398
1090
1049
1079
1478
1490
1187
1326
1448
1160
1499
1126
1454
1355
1375
1336
110
1268
1342
1286
1080
1449
1456
1475
1029
1382
1079
1093
1280
1358
1260
1415
1424
1221
1386
1500
1481
1475
1156
1395
1332
1169
1162
1080
1436
1149
1054
1275
1063
1462
1434
1126
1043
1491
1258
1292
1473
1399
1479
1361
1392
1158
1203
85
1026
1232
1157
1271
1114
1159
1257
1361
1114
1183
1061
1410
1448
1448
1186
1121
1371
1051
77
1200
1247
1397
1363
1027
1050
1311
1092
1444
1140
1254
1284
1378
1162
1184
1085
1050
1352
1184
1446
1049
105
1410
1493
1113
1209
1234
1418
1265
1044
1093
1287
1119
1398
1388
1070
1361
1490
1069
1410
163
1185
1287
1318
1055
1115
1071
1369
1136
519
1137
1124
1396
1484
1029
1479
1169
1138
1440
1167
1108
1376
1133
1393
1122
1301
1270
1208
1166
1467
1395
1182
1453
1172
1208
1342
1167
1226
1221
1302
1423
1172
1468
1354
1216
1065
1370
486
1159
1469
1321
1152
1102
561
1055
1498
1075
1366
1196
1416
1208
1370
1148
1441
1202
1202
1399
1418
1436
1397
1405
1227
1227
1113
1091
211
1402
1215
1126
1055
1178
1282
1255
1312
1070
1221
1307
1031
1039
1410
1168
1314
1126
1086
890
1270
1313
1176
1235
1264
1264
1397
1223
1399
1378
122
1091
1246
1166
1298
1143
1258
1233
1162
1081
1287
1263
1460
1217
1332
1179
1067
1027
1474
1160
1170
1230
1243
1377
1034
1030
1247
1384
1124
1383
1206
1369
1336
1238
641
1068
1327
1372
1026
1459
1034
1316
1026
1338
1192
189
1459
1242
1366
1184
1436
1397
1274
1127
1101
1400
1209
1403
1393
1339
1313
1331
1038
1219
1407
1236
1134
1222
1465
1441
1032
1032
1370
1125
1449
1307
1217
1308
1313
1353
1157
1089
1423
1128
1242
1185
1449
1059
1146
1028
1053
1205
1450
1338
1146
1382
1159
1224
1463
1268
1268
1284
1479
1336
1205
1326
1267
1153
1299
1204
1348
1304
1253
1055
1299
1450
1273
1413
1300
1216
1398
1456
1482
1049
1473
1244
1067
1264
1299
1188
1083
1197
1112
1330
1306
1479
1347
1052
1150
1036
1474
1423
1343
1169
1265
1295
1188
1441
1067
1158
1266
1302
1368
1164
1480
1371
1107
1369
1479
1394
1249
1063
94
1373
97
1314
1418
1158
1253
1314
1141
1053
1036
1468
1382
1222
105
1059
1408
1464
1455
301
1267
1061
1433
1296
1223
1048
1365
1099
1232
1427
1482
1494
1398
1485
1411
1053
1027
1182
1226
1111
1027
1399
1306
1382
1464
1499
1417
1297
1075
1368
1099
1482
1305
1499
1413
1328
1451
1281
1470
1076
1221
1251
1242
1145
1410
1333
1170
1107
1159
1241
1173
1082
1164
1122
1245
1435
1080
1405
1072
1047
1065
1342
1438
840
1359
184
251
1147
1236
1257
1219
1223
1465
1361
70
1057
1092
1168
1347
1410
1272
1183
1271
1154
1437
183
1349
1126
1312
1360
1141
1345
1153
1270
1452
1059
1086
1148
1247
1351
1253
1392
1433
1493
1226
1221
1144
1419
1248
1454
1378
1334
1279
1425
1352
1050
1374
1276
1446
1447
1404
1475
1152
1152
1089
1026
1264
1495
1252
1270
1073
1206
1486
1488
1339
1344
1192
1462
1266
1313
96
1088
1425
1164
1359
1277
1103
1471
1448
1042
1120
1490
1334
1345
1293
1397
125
1134
1055
1279
1090
95
1097
1424
1152
1029
1039
1210
1080
1343
1403
1228
1190
1139
1270
1137
87
1335
1176
1092
1119
1168
1289
1460
1441
1031
1132
1192
1319
1178
209
1452
1136
1372
1070
1120
1420
1151
1192
1174
1378
1178
1492
1185
1191
1265
1297
1324
1418
1152
1295
1312
1141
1074
1316
1317
1159
1315
1321
1122
1187
107
84
1427
1370
1188
1257
1050
1125
1268
1374
1163
1113
115
1141
1344
1300
1404
1056
1372
1095
1155
1452
1361
111
1234
1437
1481
1311
1490
1094
1481
1424
1446
1078
1376
1420
1254
1443
1126
1417
1065
1462
1296
1060
1179
1313
1328
1228
1356
1416
103
231
1300
1392
1095
1060
1143
1078
1482
1294
1400
1221
1434
1449
1342
1143
1410
1054
1283
1449
1363
1287
1143
125
1084
1474
1362
1410
1295
1400
1181
1473
1287
1422
1277
1035
1045
1067
1460
1112
1205
1100
1035
1233
1080
1189
1039
1094
1376
1488
1192
1324
1435
1047
1400
1322
1369
1049
1027
117
1336
1385
1201
1311
1485
1453
1098
1399
1417
1071
1084
1182
1177
1433
1095
1392
1243
1256
1033
1036
1139
1489
1372
1490
121
1194
1192
1173
1145
1115
1272
1149
1486
1384
1326
1126
1451
1131
1233
1314
1070
1254
1200
1348
450
1332
1286
1370
1317
1480
1236
1499
1177
1151
1376
1158
1098
87
1388
173
1457
1402
1282
1179
1490
1125
1440
987
1347
1278
1232
1354
740
1225
1310
1030
1453
1225
1059
1144
1412
1402
1353
109
1293
1436
1407
1098
1046
1290
1394
1495
1469
102
1154
1405
1410
1375
1451
1055
1244
1076
1030
1457
1378
1177
1269
1453
1410
1035
1024
1394
1311
1166
1288
1441
1383
1482
1428
1144
1358
1374
1314
1429
1074
1273
1097
1106
1027
1096
1393
1444
1290
1237
1334
1060
1442
1249
1339
1326
1433
1137
1252
1110
1380
1381
1076
1049
1383
1072
1111
1206
1168
1107
1482
1138
1026
1466
1056
1113
1088
1175
1248
1459
1116
1133
1184
1099
1397
1168
1362
1433
1329
1372
1185
1358
1143
116
1158
1343
1232
1118
1067
1102
1330
1239
1196
1218
335
1039
1329
1096
1442
1304
1342
1112
1031
1099
1339
1321
1188
1375
1158
1396
1254
1237
1079
1066
1193
1385
1290
1369
1320
1180
1230
1336
1411
1204
1058
1248
1244
1169
1090
1338
94
1168
1448
1142
1124
1105
1149
1381
1309
1468
1084
1238
1484
1300
1290
1474
1290
1225
1388
1158
1335
1045
1199
1108
1091
1098
1227
1243
1092
1421
1385
1121
1417
1446
1412
1253
1279
1318
1266
1263
1102
1257
1181
1298
1203
1375
1394
1124
1180
1227
1084
1079
1494
1242
1242
116
1117
1163
1332
1033
1450
1365
1317
1450
1201
1379
1481
1358
1455
1027
1158
1229
1179
1028
1300
1031
1254
1190
1213
1124
1490
1166
1162
1407
1450
1440
1250
1112
1322
1166
1398
1138
1258
1284
1338
1458
1153
1396
1187
1344
1053
1391
1371
1247
96
1169
1209
1094
1287
1228
1302
1275
1161
111
1306
1324
1124
1404
1359
1083
1118
1128
1352
1048
1421
1051
1199
1410
1207
1484
1487
1212
1134
1372
1123
1386
1481
1207
1232
1272
1057
1038
1161
1129
1048
1056
1277
1087
1433
1252
1456
1080
1289
1494
1256
1144
1190
1332
1134
1140
1083
1047
1308
1043
1186
1311
1404
1348
1245
1121
1397
1071
1102
1446
1431
1274
1140
1101
1269
1209
1379
1218
1168
1175
1368
1129
1459
1479
1046
1108
1208
83
1404
1255
1296
1132
1298
1425
1158
1282
1214
836
706
1420
1417
1481
1363
1327
1198
1330
1171
1343
1170
1140
1234
1266
1159
1108
1459
1487
1491
1487
1025
1177
1418
1500
1392
1037
96
1471
1251
1204
1484
1385
1312
1355
1265
1412
1438
1255
1343
1189
1114
1161
1325
1130
1380
1209
1195
1111
1443
1371
1423
1179
1342
1042
1074
1407
1226
1144
1435
1452
1029
1096
1367
1270
1126
1418
1093
1292
649
1127
1241
1488
1390
1050
1272
1228
1101
1318
1253
1422
1424
1036
1481
1354
1490
1288
1413
1183
1051
1478
1456
404
1092
1138
1058
1473
1432
1383
1173
1130
1307
1258
1123
1026
1136
1179
1366
1087
1207
1255
1180
1495
1307
1404
1368
1403
1367
1462
1246
1485
1301
1091
1068
72
1391
88
1218
1090
1069
1123
1119
1348
1444
1061
1238
1426
1277
1424
94
1071
1062
1274
1178
1420
1141
1152
1119
1267
1103
1287
1214
1447
123
94
1145
1246
1205
1240
1499
1344
1218
1252
1145
1465
1025
1377
1364
1112
1097
1470
1463
1322
1146
1304
1098
1382
1246
105
1279
1135
1061
1178
1051
1117
1112
1034
1300
1400
1024
1269
1450
108
1244
1368
1169
1500
1299
1251
1435
1206
222
1084
1191
82
1431
1368
218
1078
1244
1347
1397
1295
780
1414
1281
1277
1384
1059
1176
1108
1414
1081
1441
1341
1413
1084
1163
1413
1266
1373
95
1147
1051
1175
1410
1184
1432
1315
1195
1227
1181
1250
1130
1064
1133
1179
1300
1263
1352
1406
1085
1463
1373
1206
1108
1062
1321
1452
1300
1362
1179
1326
1141
1364
104
1296
1267
1424
1426
1416
1449
1323
96
1321
1077
1454
1160
1102
644
1146
1242
1317
1351
1154
1395
1199
1142
1121
1479
1024
1126
1176
1207
1185
1303
1375
1400
1245
1054
1478
1156
1076
1266
1271
1180
1060
1335
1103
1341
1393
1310
1114
1223
1299
1220
1257
1429
1345
1106
1361
1220
1289
1129
1427
1174
1447
1376
1225
1261
1311
1435
1484
1103
1150
1247
1352
1121
1355
1136
1416
1253
1142
125
992
1277
1390
1485
1280
1042
1158
1354
1055
1384
1432
1334
1363
1341
1205
1362
1248
1257
1403
1258
1294
1060
1333
1112
1457
1284
121
1252
1067
230
1157
1298
1268
1149
1499
1299
1163
1476
1394
1379
1148
1245
1026
1313
1490
114
1343
1442
1439
1114
1353
1179
1268
1254
1448
1426
1382
1125
1406
1134
1039
1359
1495
1363
1248
1160
1162
1052
1174
1187
1107
1350
1288
1261
1261
1335
1118
1220
1394
1142
1269
1360
1242
1395
1388
1338
1463
1315
1142
1212
1203
110
1080
1362
1254
1116
1068
1438
1342
1181
1135
1441
1408
1224
1162
1229
1095
1071
1466
1393
1402
1421
1489
1335
1142
1407
1127
1488
1381
79
1288
1282
1096
1488
1153
1084
1080
78
1337
1473
1099
1337
1420
1329
1340
78
1489
1047
1413
1065
1094
1392
1170
1495
109
1475
1117
1245
1472
1130
1214
1049
1312
1092
1361
1345
1279
1092
1474
1368
1182
114
1276
1204
1305
1118
1206
1032
1477
1346
1172
1060
1393
1372
1086
1210
1447
1029
1139
1364
1195
1409
1320
1424
1432
1024
1082
1156
1495
1026
1283
1331
1382
1228
1202
1215
118
1261
1490
1352
1162
1046
1362
1261
1118
1235
1417
1095
1104
1117
1354
1181
1465
1380
1036
1419
1481
1151
1175
1316
1368
708
1273
1491
1218
1300
1205
1417
1082
1464
1029
1442
1236
1095
1176
1174
1100
1366
1058
1023
1045
462
1260
1236
1433
1111
1319
1295
1247
1483
1241
1252
1192
1192
1343
1063
1246
1311
1235
1114
1296
1050
1429
1151
1036
1384
1406
103
1165
1177
1281
1233
1317
1059
1238
1437
1498
1206
94
1458
1286
1415
1311
1156
1067
1301
1097
1071
1044
1061
1335
1272
1182
1147
1109
1203
1193
1127
1105
1131
1430
1107
1300
1144
1105
1445
1392
1193
125
1255
1060
1232
1150
1437
1203
1157
1186
1121
1429
1348
1493
1285
1486
1204
1314
1131
1254
1146
109
1253
1492
1289
1172
1350
1196
1141
1191
1064
1235
1096
1487
83
1394
1100
1345
1052
1055
1051
1237
1441
1111
1461
1266
1087
1229
1422
1376
1468
1430
1297
1214
1081
114
1059
72
1494
1428
1183
1107
1425
1202
1038
1191
1033
1275
1472
1248
1489
1276
1087
1236
75
81
1331
1162
1394
1482
1085
1324
1035
1066
1308
1303
1125
1062
1333
1385
1264
1089
1387
1420
1309
1337
1460
1060
1065
1244
1205
1400
1251
1498
1247
1328
1103
1384
1168
1115
1243
1391
1482
1031
1363
1354
1163
1425
1205
1106
1479
1236
1253
1108
1382
1412
1411
1048
1102
1267
1202
1173
1097
126
1038
1271
1461
1385
1378
1439
1373
1384
1280
1185
1095
1480
1426
107
1231
1380
1470
70
1108
1222
1430
1214
1319
1063
1466
1112
848
1064
1157
1165
1306
1452
1375
1270
1365
1253
1223
1374
1033
1153
1194
1409
1127
1359
1124
1204
1318
1414
1186
1161
1078
1245
1201
1087
1045
1167
1165
1146
1211
1469
1054
1031
106
1382
1072
1227
1488
1259
110
1055
1313
1187
1209
1357
1280
1355
1213
1436
1468
1330
1454
1398
1324
1401
1305
1453
1058
1121
1276
84
1184
1220
1348
1458
1118
1027
1175
1178
1120
1448
91
1414
1345
1096
1251
198
1068
1290
1403
1063
1103
1499
1312
1258
1430
1488
1159
1456
1406
1410
1225
1070
1205
1346
1385
1237
1273
1031
1346
1436
1304
1197
1359
1224
1026
1187
1151
1406
1482
1192
1424
901
1437
1127
1291
1366
1477
1082
1275
1466
1077
1143
1098
1232
1291
1170
1391
1136
1321
1297
1149
1267
1462
1431
1131
1480
1391
1345
1398
1319
1275
1332
1197
1243
1103
1118
1353
1104
1277
908
1336
107
1105
1366
1108
1153
1240
1266
1182
1473
1378
1449
1187
629
1223
1437
1270
1149
1025
1438
1444
1230
1042
1162
1354
1293
1160
1076
1429
1357
1355
1235
1484
1303
1459
1098
1432
1111
1423
1130
1121
1235
1442
1168
1097
1461
1129
1314
1319
1241
1472
1327
1025
1086
1299
1260
1313
1294
1156
1099
1217
1109
1409
1437
702
1431
1267
1356
1118
1374
1282
1266
1180
1495
1173
1126
1486
1181
99
1417
1415
1485
1157
1095
1426
1346
1445
1221
1459
1207
1206
1073
1097
1037
1468
1327
1303
1250
1116
1339
1407
1241
1425
1243
1295
1267
1438
1361
74
1375
1327
1309
1338
1420
1230
1318
1137
1033
181
1481
1384
1181
1219
1306
1203
1241
1165
1264
70
1185
1215
1083
1361
1277
1245
1500
481
1122
1350
1210
1424
1327
1429
1043
1372
1239
1433
1357
1471
1188
1094
1421
1062
1173
1495
1195
1313
1193
1356
581
1084
1245
1290
1196
1024
1084
1074
1117
1479
1306
1052
1394
1345
1073
1133
1152
1479
1267
106
1141
1324
70
1076
1034
1117
1410
1028
1098
1214
1480
1314
1168
1179
1345
1057
1159
1355
1371
1226
1415
1150
1144
235
1380
1461
1143
1166
1192
1062
1472
1196
149
1194
1173
1477
1047
1289
1277
1052
1463
1161
1169
1493
1162
1331
1159
1226
1038
1427
1254
1223
1288
1444
1318
1024
1421
1172
1066
1469
1389
1328
1345
1028
1437
1151
1036
1235
1491
1150
1053
1203
1404
1221
1251
1470
1106
1489
1337
1292
1179
1083
1193
1491
73
1496
1086
1297
1337
1238
1172
1371
1181
1426
1378
1460
1399
1492
89
1077
1333
1316
1154
1277
1135
1387
1125
1250
1250
1499
1200
1144
1038
1102
1482
1147
1196
1361
1232
126
1344
1255
1298
1034
1446
1042
1380
1190
1231
1359
1313
1281
1067
1170
1087
1260
1387
1308
1063
1472
1193
99
1048
1415
1236
1263
1384
1196
1031
1389
1059
1159
1246
1303
1047
1090
1184
1317
1334
1027
1478
1474
1480
1176
1250
1430
1184
1459
1052
1260
1057
1274
1226
1292
1089
1458
1410
1072
1120
1435
1250
1373
1132
1061
1227
1352
1098
1236
1135
1188
1438
99
1493
1062
1388
1426
1155
1433
1090
1295
1118
1366
1496
1318
1128
1412
787
1133
1430
1109
1395
144
168
1048
1196
1487
1062
1218
1195
1475
1144
1477
1284
1224
1170
1384
1278
1168
1213
1216
1332
1040
1372
1137
1237
1177
1306
1313
1385
1294
1406
1315
1257
1204
1089
1218
1174
1278
1470
1225
1153
1194
1390
1154
1272
877
1449
1091
1348
1410
99
1135
1496
1459
1442
1403
1286
1288
171
1066
1061
1368
1040
1295
1158
1420
1436
1254
1210
1429
1246
1442
1080
1388
1408
1411
1101
1031
1280
1305
1383
1349
1168
1449
1444
1402
1307
1381
1388
1480
1055
1247
1114
1318
1202
1203
1250
1107
1132
1314
1142
123
1460
1153
1404
1498
1411
1138
1270
1074
1131
1314
1317
737
1271
1442
1389
1241
1192
1303
1431
1427
1213
1424
1461
1424
1098
1102
1491
1332
1054
1431
1120
1200
896
1142
1396
1333
1388
1118
1500
1297
1349
1398
1025
1426
1323
1428
1071
1146
1458
1499
1484
1258
1119
1168
1420
1487
1468
1348
1152
198
1499
1317
84
1097
1035
1379
1462
1376
1234
1454
1128
1109
1320
1208
1395
1039
1147
1415
1381
1246
1275
1158
1410
1281
1035
1399
1032
1161
1177
1253
117
1164
1410
1143
1378
1246
1195
1439
113
1218
1454
1054
1262
1323
1464
1148
1114
1180
1450
1370
1407
1472
1194
1024
1069
1372
1433
1313
1186
1438
1324
1339
1163
1491
1360
1067
1491
1032
1339
1459
1153
1500
1408
1123
1143
1378
1379
1036
1066
1312
1105
1335
1106
1095
1397
1447
1156
163
1166
438
1136
1499
1230
1104
1139
1401
114
1322
1168
1234
1290
1045
1440
1062
1416
1458
1089
1328
1133
1418
1447
1344
319
1488
1320
1376
1028
1475
1076
1115
1425
1191
1095
1302
1305
1238
1220
1084
1209
1250
1170
1352
1030
1066
1321
1051
1271
1134
1042
1307
1105
1140
1332
1322
1421
1122
1489
1329
1461
1094
1396
1159
1171
1341
853
1290
1302
1119
1387
1262
1284
1459
1302
1200
1168
1459
1158
922
1060
1088
1148
1153
294
1293
1314
1488
1214
1173
1121
1072
1228
1046
1491
1358
1474
1306
1373
1216
1083
1166
1153
1442
1130
1034
1049
1239
1128
1448
1332
1043
1038
1437
1321
1386
1145
1208
1245
1346
83
1145
1443
1055
1271
1060
1230
1059
1426
1126
1071
1277
1288
1296
100
1289
1308
1134
1153
97
1188
1476
1500
1454
1235
1325
1358
1430
1119
1092
1485
1276
1180
1262
1234
1194
635
1210
1367
1405
1028
1105
1374
1118
1068
1317
1257
1344
1498
1254
1196
1204
1024
1409
1202
1081
1162
1108
1203
1150
1149
1123
1107
1109
1075
1050
1320
1326
1463
1055
1255
1288
1245
1306
1193
1150
342
1379
1275
1029
1256
1296
1070
1286
1351
1103
1160
1113
1330
1165
120
583
1423
1148
1243
1231
1233
1491
1350
1093
1415
1468
1303
1351
1401
1300
1338
1058
1045
1415
1100
1187
1200
1458
1163
1393
1058
1254
1304
1125
100
1478
1286
1371
1324
1247
124
1291
1299
1313
1415
1358
103
1412
1029
1412
1229
1165
1334
1034
1403
1218
1441
1302
1313
1064
1203
1130
1205
1243
1241
1490
767
1118
1252
151
1478
1275
1237
1450
1310
1043
1358
1256
96
1399
1422
1033
1375
1222
1288
1419
1300
1466
1416
1395
1158
1452
1322
1469
1287
1317
1454
1266
1494
1178
1284
1070
1106
1142
345
1080
1341
1229
1216
1060
1477
1492
1222
1052
1492
1199
1204
1459
1037
1198
1106
1290
1463
1118
1111
1260
1098
1284
1336
1299
1258
1111
1364
1187
1286
1266
1098
1032
114
1125
1118
93
1456
1277
1051
1463
1497
1040
1494
1267
1319
1435
1104
1442
1381
1081
1141
1485
1053
1243
1427
1230
1199
1341
1414
993
1282
1399
1441
1138
1295
1049
1481
1338
1091
1224
1419
1356
1117
1466
1257
1159
1199
1144
1436
1335
1461
1147
1410
1164
1418
541
1029
1230
1498
1443
1041
1286
1154
1063
1165
1089
1110
111
1284
1344
1363
1103
117
1408
1341
1119
1319
1280
1377
1300
1060
1395
1043
1496
1305
1097
1375
1322
103
1497
1297
1380
80
1310
531
1200
1311
1095
1154
1389
1308
828
1141
1095
78
1236
1089
1307
1284
1353
1049
1320
1063
1368
1481
1066
1229
1392
1077
1401
1071
1117
1283
1362
1217
1248
1244
1193
200
1315
1363
1244
1207
1346
1145
241
1142
1462
1479
1032
1478
1394
1066
1283
1390
1281
1145
70
1113
1455
1051
1059
1045
1029
1209
1116
1167
1253
1258
1486
1143
1342
1303
1320
1141
1369
1230
1400
1393
1181
1396
1399
1410
1127
1484
1109
87
1490
1318
1040
1466
1136
1405
1375
1238
1107
1122
1227
1380
1071
1177
1484
1205
1358
1397
1430
1042
1204
1221
1269
474
1062
1266
92
1271
1038
1239
109
1315
1421
1396
1174
1099
1159
1322
1491
1208
1145
235
1067
1211
1096
1024
1424
1137
1226
1176
1103
1419
1254
1275
1155
1328
1467
1239
1238
1235
1496
1068
1331
1449
1485
1483
1394
1458
1427
1210
1276
1053
1337
1396
1247
1338
1430
1481
1087
1285
1173
1063
1161
1320
1023
1231
1272
1307
1370
1176
1428
1130
1122
1374
1369
1420
1108
1072
1397
1420
1083
1090
1262
1188
1309
1156
105
1135
129
1039
1245
1053
1209
1471
1254
1169
1364
1169
1437
473
1460
1487
1190
1415
1461
1189
1191
1496
73
1444
1155
99
1359
1495
1428
1098
1224
187
1306
1266
1053
1467
1058
1445
1357
1435
1194
1181
1210
1223
1329
1099
1353
1212
1350
1458
1287
