449
1134
81
466
1036
1159
109
118
821
1134
122
1040
100
100
792
93
120
670
686
397
1411
93
71
99
654
127
107
431
128
603
400
107
861
213
104
434
1261
608
90
72
124
105
1198
1050
154
177
976
196
445
105
1331
962
72
350
155
89
800
359
97
99
73
121
1239
231
197
252
554
500
416
1463
202
80
76
103
104
430
107
126
213
88
87
116
172
244
152
278
73
91
121
110
112
119
1230
79
97
484
108
1422
232
90
1071
1159
92
1331
473
1489
101
506
363
193
109
97
235
816
121
97
105
1063
92
489
102
231
84
199
103
174
86
87
1158
130
119
254
100
369
1185
100
728
183
80
94
245
114
109
109
187
140
175
105
97
1358
538
151
505
929
938
119
181
80
100
183
82
232
1408
1043
166
189
162
77
472
1212
83
273
91
1410
152
197
1329
108
390
503
120
96
116
115
88
94
119
78
140
104
90
71
113
311
446
645
1294
81
123
228
84
1138
134
818
120
401
1185
208
103
365
1422
78
84
113
1448
106
208
1323
114
86
495
655
82
123
80
123
1183
91
1373
73
423
89
195
310
383
125
890
133
107
112
1318
255
91
245
89
79
730
229
417
109
97
1050
95
75
104
488
118
110
334
173
171
92
150
82
75
1462
182
89
70
1347
1465
256
108
96
92
77
1424
1171
1450
1077
1134
96
382
499
1113
124
380
241
1393
566
93
93
337
1390
262
118
232
92
79
139
389
113
1348
298
98
115
128
413
150
89
121
123
170
1024
1084
138
83
122
1435
1083
141
71
1385
436
102
99
266
83
97
369
491
98
105
75
103
427
158
81
115
255
110
118
1339
77
1027
792
243
99
321
127
224
99
96
117
359
85
307
121
1386
1116
141
164
120
78
221
300
946
127
148
111
1301
84
1499
117
1077
312
75
102
209
171
224
1382
347
158
121
166
420
221
74
603
170
237
1379
95
88
1236
74
186
109
74
713
1331
327
104
730
404
163
217
93
108
856
88
210
82
78
1035
425
147
192
333
241
251
379
1069
76
343
1307
73
357
122
100
1374
111
385
173
1051
115
378
124
639
1238
92
102
1493
980
1228
186
89
192
1312
75
352
90
119
1194
1446
463
509
423
86
78
116
778
1038
388
257
77
115
793
119
201
509
169
345
315
90
113
237
191
1024
194
90
414
243
1156
1495
113
1445
1317
250
306
1489
77
99
1242
120
247
1377
378
86
80
111
329
116
490
1044
100
135
190
125
351
1139
367
1299
74
106
143
187
94
124
1264
217
393
95
124
117
78
82
179
1161
118
1136
934
1239
93
1245
115
1089
470
93
1148
82
75
73
252
1062
90
146
122
450
172
117
79
153
70
1227
184
93
180
104
70
890
110
701
74
181
244
91
116
450
221
89
1080
297
117
229
124
140
1203
1145
250
270
1454
155
238
1406
170
382
437
240
240
89
99
106
111
409
106
593
1188
85
92
106
160
93
427
155
200
371
72
433
101
104
1340
1403
132
1222
327
225
1018
103
270
93
126
96
70
461
633
1093
1308
88
120
113
285
172
518
1351
96
97
89
113
102
94
523
101
493
393
100
118
1096
1175
1161
137
504
497
186
77
143
334
88
1033
1294
1087
76
106
1027
127
405
123
81
126
334
228
90
343
77
110
122
113
1397
113
1108
562
166
80
73
252
1368
162
128
143
125
85
125
110
1217
177
113
1041
82
84
1398
75
1305
173
95
1274
163
158
310
585
1425
88
110
455
145
1333
106
153
637
191
692
96
293
248
76
79
211
1345
84
116
84
147
229
117
94
97
79
88
772
139
130
212
1151
295
1485
128
96
90
1058
83
240
355
1062
198
92
113
124
106
146
813
113
117
85
96
1307
492
1193
262
71
1397
102
367
1118
122
1293
92
1345
122
497
143
73
98
122
489
100
120
80
108
169
251
1030
107
181
1046
161
362
73
483
87
114
110
123
657
127
107
314
112
84
253
89
82
1151
88
76
126
1342
115
121
477
98
95
77
1289
451
382
89
718
1179
1166
193
117
126
229
107
109
77
83
1468
75
105
78
116
1044
231
111
318
100
191
301
1500
174
284
95
123
84
107
76
93
81
75
123
95
81
93
440
112
153
76
99
126
84
330
973
1466
119
320
1373
84
780
108
95
1232
1241
125
210
1085
115
150
1182
1191
114
195
77
95
223
205
201
114
86
78
487
175
387
124
1311
1249
220
113
487
1084
81
91
546
122
205
108
156
655
357
1405
104
1116
1321
179
1184
114
103
243
1095
175
78
1391
1401
353
377
91
251
1152
178
410
96
173
1064
146
70
131
228
1063
443
82
647
176
949
173
225
1367
102
101
1420
1473
93
202
944
172
1049
79
889
92
459
102
467
400
1254
106
149
149
71
115
460
92
382
242
107
131
74
124
202
1298
1051
475
261
93
105
1429
565
181
813
93
116
98
97
194
121
94
229
74
82
407
73
466
892
1400
381
78
98
96
110
1121
1230
96
461
1101
139
1328
84
104
852
104
294
494
256
174
81
71
1264
80
74
1404
871
90
1110
93
92
77
106
239
802
953
1397
117
123
70
394
101
126
114
196
241
747
101
120
103
277
1173
76
1441
340
201
1261
206
114
103
898
447
142
136
201
823
79
90
98
196
94
72
437
249
1500
561
180
981
150
94
1086
373
111
580
119
239
77
1439
140
1149
807
73
150
154
165
745
1189
79
164
1154
184
139
124
109
120
1162
83
918
120
149
110
94
228
222
540
286
1062
1035
398
442
1179
1314
111
70
757
331
85
116
267
175
144
1362
72
1439
194
227
93
1111
92
1496
410
316
105
96
228
1032
1162
252
98
103
386
82
301
114
103
72
176
100
226
108
1165
82
221
125
437
402
288
329
166
401
88
98
85
77
93
1339
108
336
76
1092
74
967
93
78
103
204
125
82
1090
92
87
1314
87
97
112
1230
432
1490
560
114
1064
1285
193
103
190
189
89
971
100
78
81
101
1274
1481
97
236
1151
104
1109
74
487
92
241
213
224
113
1169
260
81
101
108
127
1336
319
746
388
322
232
78
678
184
1250
247
1216
255
110
99
1450
1041
158
107
135
921
1261
1376
1100
243
105
99
356
1477
412
73
70
1277
1152
112
260
75
209
680
211
86
232
643
86
924
72
115
96
70
431
212
395
245
466
1384
128
436
121
118
106
109
571
121
855
71
275
875
108
109
787
72
199
123
316
81
499
1454
187
112
105
125
137
1450
197
1092
113
202
91
233
98
124
389
192
1476
1112
276
83
153
819
323
1195
248
99
841
108
341
70
391
254
70
1297
115
217
1108
187
79
373
1253
108
100
162
488
79
1282
135
1148
1234
242
164
71
168
1406
645
87
99
1231
117
271
480
99
244
112
410
75
156
85
1260
196
388
1341
88
1435
1210
1042
116
272
161
105
1257
107
71
87
1247
1453
1201
850
286
1066
193
222
106
108
158
120
193
1484
106
1435
103
168
242
88
278
79
112
1175
114
113
257
87
104
273
102
79
204
1209
89
99
944
110
293
115
836
158
133
363
1249
78
79
226
234
577
1082
74
81
116
1001
1120
85
112
106
86
1057
209
95
92
94
99
171
162
1430
133
944
121
1018
1363
119
77
98
1049
252
511
1286
111
346
180
145
130
406
90
116
625
75
511
672
249
123
253
1119
1228
195
80
1227
519
279
119
466
215
105
290
110
85
126
1310
212
109
206
163
94
107
1279
1073
368
112
95
1132
322
1008
112
120
96
150
102
1189
1453
1105
364
70
74
127
95
189
1212
72
127
1420
638
257
147
181
473
1091
111
111
103
124
334
1184
228
219
101
505
680
247
182
134
118
75
74
95
1123
458
460
74
97
1192
72
112
93
232
253
456
505
1130
95
125
142
1107
170
98
744
111
112
214
938
237
85
990
77
103
220
105
481
158
93
1291
505
206
1019
70
132
251
104
351
1249
317
80
685
1144
247
804
109
128
185
135
92
289
237
151
72
148
1051
86
1116
166
104
186
230
295
1038
410
91
87
81
220
116
104
103
80
126
96
149
81
1033
106
651
1483
166
116
844
351
1138
122
202
239
547
83
81
139
87
1302
84
97
1312
627
1121
434
302
1472
118
106
95
1099
115
87
1289
375
104
110
122
1029
111
176
105
89
85
1323
120
99
1367
76
1285
1145
334
342
1340
1401
89
173
1334
1091
177
426
108
181
100
243
904
89
107
92
115
207
1379
121
94
1052
1235
391
96
263
199
92
110
150
83
92
1306
752
114
75
72
116
115
398
111
80
93
163
249
125
104
153
199
848
94
77
147
75
191
145
1071
90
117
775
1393
96
218
986
172
122
1441
82
142
71
309
457
98
1196
1206
1073
166
1228
669
92
169
1412
103
1135
77
268
78
1035
111
110
353
118
1112
1026
1126
320
103
87
302
103
99
1488
92
167
423
451
82
1155
90
191
144
100
213
90
96
88
133
70
114
1291
251
1079
420
246
123
216
71
197
108
112
101
159
102
106
118
104
90
1346
88
118
117
118
197
492
388
357
90
161
122
264
82
1323
115
88
125
90
183
70
118
184
91
1208
457
89
103
168
1281
81
1095
172
114
128
77
215
1155
1452
1169
122
759
1174
1425
222
1144
1419
1286
377
88
1074
227
345
171
1275
76
231
166
89
190
398
97
1339
1161
116
104
189
106
374
301
1451
848
213
652
169
126
150
103
93
96
247
107
762
1030
137
77
240
1460
312
303
70
125
85
72
77
160
87
82
77
732
196
238
100
1090
94
117
1252
100
193
93
248
292
440
119
80
1454
1205
118
205
105
454
824
84
121
82
118
107
246
77
212
450
124
476
82
87
88
88
133
86
1122
94
1350
117
277
88
1132
1092
1411
92
1319
111
94
209
1198
249
1154
125
84
393
94
84
95
1238
118
100
76
743
98
164
1425
144
744
102
82
197
203
489
446
148
176
267
223
73
254
286
811
148
119
221
73
111
415
106
239
446
89
1010
78
188
1376
134
207
1183
271
102
111
116
110
137
115
106
144
744
127
1285
117
192
105
369
105
79
197
126
91
81
160
1051
1116
112
111
1175
1350
1051
103
74
74
465
120
112
112
194
1381
228
193
88
123
104
97
76
671
1209
123
1204
84
117
463
84
98
1164
797
1045
1181
75
256
105
288
127
112
88
1279
177
1235
228
255
81
103
113
124
118
93
245
223
1259
95
77
188
195
126
88
437
568
123
85
1113
106
1421
186
210
161
1479
97
122
94
137
1116
236
227
91
226
121
472
164
225
488
88
72
73
99
461
81
481
1108
127
1073
110
172
162
78
286
99
139
110
526
1403
122
88
676
396
118
128
70
407
988
175
1274
145
173
1159
83
169
259
107
400
1342
87
194
343
108
126
1280
70
1433
366
1330
152
231
412
417
241
1183
752
227
1249
547
103
1480
168
1181
145
124
85
1458
1423
76
1128
406
953
107
1265
127
149
90
99
112
1245
127
91
250
94
184
1453
587
889
1428
72
85
282
82
166
234
166
117
85
471
615
100
210
1425
195
86
123
1216
184
237
96
1489
280
1106
71
465
243
337
725
151
74
1474
108
1114
215
1500
1398
95
207
1369
108
107
95
206
726
156
167
104
85
121
146
94
123
147
471
1228
107
74
74
77
127
73
125
75
336
170
83
114
237
438
667
1460
122
104
1141
90
199
1194
213
151
174
89
127
398
503
84
224
864
71
167
105
377
99
78
115
655
264
1094
200
83
84
1192
97
95
119
426
121
739
1440
184
712
352
72
85
1027
92
1041
106
1298
632
438
128
96
1115
581
99
1217
415
160
1486
1032
1228
148
145
98
350
126
788
248
108
120
127
1267
1082
360
72
282
92
309
99
136
1450
121
631
119
112
117
120
103
126
1241
128
99
1187
255
416
249
89
107
100
571
72
152
96
1285
78
113
92
104
295
115
159
1302
89
544
126
71
1413
385
369
73
98
73
109
341
218
91
106
98
403
258
246
228
1249
1191
349
94
276
908
1206
149
245
869
109
154
89
174
373
1485
73
119
92
86
195
117
155
85
110
100
94
95
549
100
440
389
1116
105
1068
112
123
411
1336
93
120
79
93
139
1077
1282
254
231
1300
89
84
176
74
108
89
902
424
1246
1167
78
126
99
445
220
185
81
195
250
101
73
88
74
102
1048
1324
191
117
1434
86
74
112
74
108
143
430
449
245
1077
1285
1289
1223
232
929
115
250
1262
1254
186
70
122
177
214
1228
110
254
79
187
184
76
1117
233
85
126
314
117
86
1141
88
89
118
201
113
1100
70
1438
130
159
283
1483
115
110
1224
477
107
84
189
1385
196
85
80
181
398
504
855
743
1477
96
89
252
537
1057
129
136
1316
96
126
101
1314
121
407
445
115
114
900
192
184
1141
1309
1194
89
86
82
247
102
381
103
470
106
452
1380
104
965
391
456
1332
96
1142
1116
475
129
1215
633
88
100
97
850
456
406
109
368
1262
451
114
211
122
1321
73
78
1031
93
161
629
226
96
1356
233
113
388
297
228
164
267
114
131
484
1250
123
152
127
124
118
501
87
116
85
93
1378
231
100
124
475
82
117
103
1457
495
287
79
83
1321
131
92
98
116
91
1049
117
185
472
344
99
1432
439
73
100
1416
100
99
88
1075
1157
93
343
72
235
212
1171
112
1295
81
591
74
155
1199
124
114
79
245
524
203
105
113
524
188
347
89
114
300
249
191
76
1256
1156
136
1204
124
308
1370
85
461
182
189
232
85
1233
126
804
117
170
95
77
99
88
113
126
112
80
118
123
1077
266
95
373
197
75
323
99
1477
198
113
72
908
99
1241
367
780
1066
630
252
91
478
255
1167
83
158
951
608
331
186
82
231
215
299
76
89
726
106
194
123
72
293
1241
505
1464
112
114
80
202
1396
105
189
255
116
172
84
1354
104
93
112
73
71
252
915
1147
253
82
131
124
125
89
712
489
176
89
91
177
124
106
475
456
109
779
104
75
109
1241
78
92
1497
118
79
130
1063
89
88
1461
1243
93
1096
83
1333
88
232
94
752
180
1171
1224
467
113
1176
1029
1370
1054
74
99
127
101
95
85
1360
167
365
229
1400
1363
1140
92
98
488
76
496
357
1233
1228
1288
121
1188
100
218
146
82
759
1432
129
88
132
77
1387
73
116
719
79
1437
98
89
1319
85
837
400
1106
551
348
82
867
177
361
109
88
1214
106
355
258
1137
477
136
433
207
156
1158
112
229
120
119
236
1125
1151
487
1298
70
157
120
228
79
1457
362
213
74
225
117
1361
117
1086
1309
200
126
241
164
521
138
201
72
109
1276
110
121
421
99
78
878
112
1412
83
104
77
1188
95
1382
478
115
1354
390
102
1462
1298
1499
1232
76
106
135
92
124
108
88
790
101
113
465
488
540
111
1389
138
510
72
274
1054
469
255
124
117
107
1366
1276
495
145
458
1032
112
72
1478
81
1485
1122
108
129
405
795
432
537
70
101
117
121
1280
240
1195
86
235
1066
1193
369
837
650
100
70
863
246
170
102
88
120
1305
1035
102
147
676
101
106
786
123
101
94
182
123
496
87
686
846
1345
74
83
94
77
103
98
1060
114
771
1379
123
227
409
134
89
757
72
153
1329
1385
1171
219
113
183
100
146
192
208
877
87
95
267
506
1112
424
209
235
72
134
222
474
150
1387
73
365
96
1178
75
217
1367
109
110
71
279
93
448
279
990
76
231
497
189
1086
912
1037
99
105
1430
1257
94
1482
201
893
249
404
241
1211
583
445
98
115
121
97
211
238
320
87
422
1472
258
77
684
393
84
71
905
73
114
323
237
1471
154
184
74
114
1397
1034
1404
87
446
95
103
92
886
184
134
1395
121
75
1453
86
113
147
144
95
93
1277
84
1015
1143
180
252
115
486
1227
79
112
160
118
125
115
575
79
83
122
455
165
234
206
124
116
761
108
458
121
90
294
243
108
373
247
1308
78
183
107
692
82
314
1089
90
165
328
801
150
323
825
112
97
283
1381
1080
169
443
1054
178
126
154
269
125
98
109
125
253
460
94
831
194
155
101
255
163
424
117
462
759
114
710
1081
256
246
74
98
101
143
125
1389
1030
1421
186
506
143
184
82
411
225
455
148
1073
501
1368
122
1229
111
1054
89
71
172
1359
488
98
221
112
125
1011
1476
126
85
1459
218
235
121
364
71
133
97
79
108
124
588
437
164
86
413
172
191
1218
210
108
1438
99
147
71
1348
237
255
266
404
85
80
313
133
82
488
89
84
1173
106
198
1157
292
1480
161
103
1013
94
259
115
683
133
474
242
867
383
922
170
1087
118
901
236
93
97
460
387
433
80
110
103
70
223
1081
127
101
84
88
191
150
1202
1458
1016
206
114
1295
79
98
1393
211
127
97
1025
113
115
86
151
435
1008
85
1395
229
971
166
708
280
1337
74
134
981
1066
110
85
188
1194
288
106
95
212
1107
89
278
1380
1453
91
1348
650
1280
130
83
76
1133
1415
228
227
628
204
84
88
234
169
83
1295
97
101
76
87
196
221
371
998
1042
432
198
343
182
766
1389
947
140
218
75
196
1407
1139
105
1469
714
92
249
84
733
115
1435
1159
285
121
482
75
183
497
78
333
117
1477
1067
392
117
1330
1025
196
1199
228
92
91
103
1126
128
458
177
73
76
222
429
124
70
1074
1079
124
1084
93
150
208
172
1100
127
95
356
756
1177
200
958
116
110
424
1229
220
676
260
123
413
214
275
204
1458
1356
107
86
445
1073
127
138
643
157
73
166
88
176
160
98
196
157
1222
87
441
259
197
103
1436
464
1296
80
808
166
842
352
231
235
95
116
670
192
120
1037
115
101
1411
264
467
75
1199
132
129
95
735
104
1478
100
248
80
479
96
1417
136
204
213
208
91
134
124
109
1489
1102
87
183
874
185
1046
75
1299
99
165
486
868
183
214
94
1225
81
1041
160
106
208
94
193
108
164
147
203
71
154
115
1177
79
1105
1386
99
1078
121
947
89
1017
99
215
99
71
75
146
1198
255
181
224
72
224
169
105
84
84
1218
852
1036
112
194
443
90
120
470
82
102
322
1103
104
365
1306
107
169
400
465
104
88
79
1198
111
186
104
100
88
1133
407
155
869
140
851
220
250
1292
213
163
387
416
258
113
175
80
121
887
342
110
97
178
92
118
508
366
98
922
624
151
739
127
113
763
228
1144
91
80
460
313
374
117
237
1288
92
106
70
245
93
116
81
119
96
1096
220
224
153
77
1337
85
329
482
96
1345
90
205
81
108
164
94
709
80
201
74
74
71
786
83
84
80
99
126
1299
435
212
153
79
227
85
225
473
118
1095
105
713
709
450
82
121
286
1064
1488
78
978
1468
72
394
115
185
106
80
124
392
82
250
111
123
79
200
119
1228
88
84
423
157
106
84
285
87
1160
1075
469
367
109
132
98
1326
142
80
112
666
289
388
225
191
1200
247
249
1115
1155
75
243
129
121
767
194
116
119
234
127
234
450
1380
1191
297
222
112
74
127
129
91
337
77
92
353
271
229
242
1059
122
1378
1232
486
1206
1258
109
70
87
269
648
176
119
164
280
80
247
84
1068
127
1011
87
1096
1458
244
1495
235
1359
104
125
174
113
812
1078
122
101
343
996
256
118
99
1497
73
200
182
213
1185
1423
1313
90
87
1229
81
112
78
84
1486
127
105
513
148
116
116
266
476
111
97
180
195
124
1081
549
218
109
327
176
1085
1032
1225
1377
229
85
85
150
668
156
83
1492
261
303
88
873
427
73
342
320
197
218
203
301
94
120
234
74
104
89
1257
91
72
125
556
117
100
115
1366
123
711
1386
219
91
482
1061
473
150
906
127
338
138
96
765
221
134
205
240
112
108
88
91
95
249
85
112
78
402
230
1206
1106
345
1468
215
71
229
293
121
100
149
91
92
73
840
126
121
1431
244
70
127
87
108
365
1031
359
111
124
249
250
72
287
140
115
1130
810
118
482
1091
115
165
399
107
108
1025
692
198
848
1357
1121
1081
1245
90
98
77
119
102
98
76
191
203
126
1036
911
197
1243
105
849
94
291
273
1457
110
148
167
73
228
115
95
117
90
216
140
574
175
125
219
79
106
368
82
115
184
70
1053
150
95
1080
1112
70
96
91
109
614
140
113
167
990
1146
99
644
1298
82
1342
231
239
81
89
205
85
81
1031
1259
305
73
1116
1367
107
110
216
243
811
1026
125
235
116
187
74
472
209
1058
1235
300
308
113
86
82
124
1321
80
223
1292
114
489
94
95
105
595
211
123
198
86
1316
90
1367
112
80
1270
1325
203
270
100
360
115
209
430
276
71
424
151
730
116
413
110
405
103
1285
843
123
1307
508
127
216
1040
97
120
127
79
117
204
81
100
96
1322
1125
97
1488
124
115
98
139
363
1078
217
125
80
774
124
196
102
84
1228
915
136
212
484
122
273
106
109
1466
94
75
107
1456
186
797
611
189
182
326
196
303
1457
1448
1303
114
1056
120
1144
210
750
1352
1371
1288
236
1031
108
1441
84
72
117
1391
78
126
1113
228
117
116
119
311
224
131
171
797
1074
245
94
438
1454
1243
85
829
398
90
1095
194
434
208
117
346
93
1340
99
763
74
1164
126
82
76
74
495
898
147
313
70
77
266
1056
183
1437
72
326
218
125
102
168
1137
460
104
1269
84
122
107
1319
99
118
89
104
72
148
84
126
91
82
112
1240
1303
1028
312
200
220
105
280
1442
107
113
334
214
1110
1327
211
144
221
124
82
259
498
325
231
124
1324
82
1407
889
102
342
230
100
237
207
117
1284
107
226
1084
234
1451
80
89
113
434
1178
382
1290
809
1072
1359
84
95
76
104
1383
126
70
208
414
94
999
96
191
121
427
85
843
166
246
561
94
137
235
965
331
131
814
99
683
101
190
331
1228
1381
97
91
1297
93
427
203
235
107
1318
876
1385
754
1247
944
1069
221
76
253
144
1000
78
79
173
213
122
120
107
85
188
333
437
313
1228
354
568
189
1417
1305
946
533
600
118
220
1040
1323
120
282
71
966
371
548
175
1436
84
96
104
507
208
1041
103
324
1316
107
316
226
193
1029
266
112
85
94
99
135
1438
1299
461
138
145
1473
102
84
110
92
393
71
131
99
172
1036
189
114
73
1213
460
143
570
170
132
87
1082
167
214
117
74
118
139
73
225
699
105
155
635
307
96
119
84
87
123
119
253
1030
90
660
117
90
113
100
1305
1136
149
203
484
1377
123
1495
123
88
254
377
116
743
85
312
102
108
255
177
662
209
398
763
117
163
164
216
110
95
298
349
77
116
836
116
98
77
72
146
100
81
204
1327
180
71
300
1244
84
86
437
174
414
240
79
216
118
668
870
1124
113
315
201
1429
127
123
107
356
279
790
307
101
793
1370
1193
81
183
301
98
853
181
460
70
108
1355
380
1491
106
1448
1436
119
281
1300
533
82
1037
127
1198
119
117
90
79
86
116
421
151
133
1485
70
1106
115
129
114
108
154
628
163
274
180
347
104
1322
89
1401
82
1435
1409
437
1159
103
1260
1310
112
235
112
162
768
98
115
229
243
96
919
164
174
71
1177
192
86
431
1457
283
125
166
1343
1034
84
1166
105
441
433
1327
74
1092
95
124
255
93
93
377
118
1135
98
73
435
106
1330
87
92
229
214
1256
1170
120
162
495
109
191
102
879
1491
99
131
75
506
488
1127
115
1479
1146
111
119
89
345
863
95
370
95
110
407
109
419
247
203
1097
100
92
71
136
1060
101
70
377
196
101
105
165
279
73
155
1320
1342
1438
1453
118
1188
1181
174
1314
338
124
202
100
1275
276
71
124
1229
1411
94
121
245
91
122
116
381
1088
229
100
124
153
108
1213
134
162
116
89
247
466
95
204
122
83
142
113
1163
469
140
189
1349
1180
1363
90
95
258
86
1331
1087
871
1107
117
1030
162
1254
1158
105
808
107
1419
111
1466
125
267
374
198
81
118
76
612
124
561
111
99
102
106
1207
78
330
210
117
468
194
1390
113
1345
360
1382
117
147
605
107
118
88
93
112
114
108
181
1026
1196
1450
71
1230
110
129
86
1394
110
114
368
366
634
975
112
100
123
119
228
232
148
101
1457
356
111
439
97
86
1146
111
416
1174
1353
994
100
91
84
103
125
903
72
102
90
1319
101
402
911
899
145
122
199
392
1468
113
142
150
175
357
449
1500
671
193
1111
111
203
1037
92
1223
1310
112
70
107
79
83
255
183
391
124
629
155
97
1287
89
1295
72
822
87
159
257
125
106
220
684
76
337
125
1334
1153
103
191
73
84
106
461
116
929
89
1174
370
70
75
342
165
859
1474
835
106
1315
936
1159
675
483
508
346
79
100
483
164
870
88
1127
248
355
789
121
80
234
694
297
75
72
295
125
76
74
105
1483
1220
125
115
118
271
140
103
875
207
362
96
93
783
77
70
95
151
1485
121
96
1313
71
105
107
1453
1364
248
333
111
184
1171
1191
157
247
108
197
451
1051
178
412
85
666
184
74
86
1418
96
240
1036
456
120
419
202
90
1062
927
1276
75
357
1021
274
112
221
1500
987
183
97
785
90
256
479
262
1242
159
1249
93
108
241
1072
373
122
79
95
126
80
284
85
219
599
78
1087
1499
482
1380
112
525
167
413
1475
397
83
71
1432
711
116
107
106
629
71
1293
448
1332
1355
325
101
192
136
113
786
95
121
1379
104
184
1457
334
535
93
510
170
194
126
571
118
120
99
189
102
321
1183
166
313
97
1338
89
1233
221
1132
82
378
100
357
101
1151
148
115
107
197
252
72
97
510
194
125
298
92
204
1468
597
237
117
1211
230
246
105
78
359
127
339
119
121
99
126
1064
115
113
235
89
93
103
95
164
101
216
1252
1154
111
130
123
87
124
71
105
104
123
236
232
1136
405
84
132
837
150
75
82
800
99
114
787
93
1425
972
255
155
292
1436
113
93
80
272
80
74
144
100
110
235
247
118
194
109
144
102
100
1314
122
252
520
91
967
84
358
1404
490
216
541
126
1299
114
91
108
1053
328
78
120
79
1443
113
95
221
233
71
564
109
89
90
1351
99
106
494
180
1023
342
1321
96
252
388
1483
79
162
397
186
506
126
103
1028
410
121
1255
119
1213
225
168
83
182
104
119
96
1148
1092
214
125
75
182
127
71
78
191
780
116
108
71
327
87
92
118
118
239
179
89
298
246
268
235
226
178
91
1162
1134
108
1366
933
103
1204
343
106
212
545
96
1359
435
1412
419
1113
247
310
98
110
97
235
224
1182
1336
95
99
1315
107
454
110
106
109
465
392
317
179
137
360
101
373
95
114
102
113
96
75
187
100
508
243
1470
177
130
1409
123
237
107
901
464
100
104
96
1324
420
122
318
78
253
101
1285
297
394
101
146
1256
81
230
1054
113
394
100
71
1238
1051
78
105
483
78
366
224
247
136
171
70
1425
70
222
85
338
338
287
1195
149
1015
211
79
73
1387
253
102
865
1076
1391
1409
166
368
93
1473
449
398
697
249
74
1140
1000
86
1343
500
125
221
135
191
144
109
363
1269
116
1352
124
172
90
102
118
153
656
238
106
117
173
113
1195
515
145
217
229
1222
1147
1148
96
96
231
1421
101
82
141
97
1368
951
74
1486
197
76
73
151
98
1049
126
97
1185
126
148
89
186
1134
207
89
178
924
75
243
1316
1320
118
231
1478
111
1386
99
133
185
946
112
262
243
246
251
77
1137
1389
138
103
138
188
106
1150
312
112
365
839
165
96
148
1210
1237
803
103
105
79
506
140
236
138
262
447
86
101
92
79
386
237
1034
105
103
141
385
117
157
113
222
99
1058
113
1334
912
1398
451
71
92
113
565
581
207
252
233
799
75
127
70
96
170
1176
109
120
295
723
141
197
1349
126
80
171
216
178
1307
1081
296
80
1197
291
108
91
79
824
114
859
89
1321
122
162
192
124
244
174
124
1186
388
87
1447
1036
1491
135
1477
226
101
109
940
118
481
1073
240
461
184
177
1108
862
71
79
466
1033
250
1179
348
99
101
519
281
211
98
384
1290
96
116
990
98
299
192
112
100
1058
713
1046
83
90
116
259
107
126
80
654
322
87
111
1220
243
89
124
227
97
337
95
423
1280
189
114
1254
1186
1212
1043
122
997
126
113
114
235
96
99
1207
204
105
1110
1045
428
417
493
544
92
173
469
133
1305
107
85
75
485
93
97
78
605
127
76
72
1385
718
72
223
432
225
545
119
159
192
381
116
233
85
1346
101
91
91
73
95
89
180
99
106
74
944
72
102
297
135
1050
353
447
313
72
183
217
98
118
118
134
159
1263
84
107
80
108
407
82
82
794
1473
291
527
127
191
253
106
122
856
106
332
1192
1343
428
1255
88
119
1384
297
1120
230
83
1449
386
114
511
120
1376
564
97
219
85
166
90
92
124
243
71
192
116
896
103
1179
325
264
71
1277
77
85
81
359
817
190
114
79
117
1478
393
90
314
80
516
71
232
115
155
1403
84
92
172
534
83
136
121
310
171
1106
119
264
114
108
118
115
79
91
159
210
103
249
184
1391
127
1188
339
101
1477
128
119
187
242
110
1409
228
71
194
225
70
190
158
74
222
111
73
152
1203
150
99
125
92
241
128
1154
86
745
1143
85
1228
1311
322
728
322
98
358
156
84
85
267
96
101
1415
95
115
90
1366
1057
473
1408
140
323
1451
1067
121
95
1208
197
732
71
160
1067
228
425
278
251
90
91
117
1494
446
1078
123
131
93
162
221
1214
97
1199
253
99
115
97
99
1070
230
1161
123
82
78
125
103
454
101
167
279
243
1155
79
273
1136
1446
155
1283
97
417
1410
98
93
217
1306
884
257
117
114
117
84
152
1298
1160
259
189
124
103
135
143
284
406
1286
161
1046
249
197
107
215
81
317
97
1141
832
116
201
173
263
181
387
879
155
100
78
1485
1453
1299
116
71
288
322
439
1464
70
99
117
81
579
378
295
526
114
96
1217
167
101
126
84
70
255
696
104
237
107
89
251
92
463
103
109
79
241
234
200
88
120
167
1475
1080
1176
158
95
109
81
202
192
158
90
166
100
1284
150
1278
198
243
1427
105
127
97
87
1379
70
172
222
99
99
98
872
1284
1062
75
1253
247
222
115
114
250
1346
80
1031
866
128
117
81
72
113
587
192
112
698
364
1102
242
110
73
395
225
373
103
91
1062
1411
98
121
245
125
94
1500
115
612
1251
168
1274
153
232
120
158
1288
440
99
250
148
1452
1497
86
1265
461
71
192
1471
90
123
723
480
1336
619
419
1070
156
138
110
153
80
1237
1301
219
210
819
221
94
695
103
1196
1058
80
411
1187
1064
219
101
217
70
95
213
76
263
85
91
552
383
1221
117
119
140
83
1267
106
114
90
88
107
1155
135
123
138
236
1389
206
303
75
185
74
102
993
145
239
70
976
145
237
80
1051
124
1311
800
105
1120
73
1473
215
640
245
1482
82
446
219
154
79
1187
73
87
138
251
95
92
116
84
802
150
190
85
117
118
93
98
1047
102
97
171
1353
89
116
287
293
643
118
83
1124
120
81
78
153
94
83
134
158
229
115
85
127
97
200
126
126
118
186
90
1400
109
474
225
114
1182
125
79
121
232
109
333
1428
903
96
227
196
174
539
155
1296
1481
1327
70
726
411
82
99
106
89
108
101
504
855
922
161
72
116
433
122
1230
71
109
81
84
120
452
244
109
224
412
93
228
195
677
90
146
286
120
1089
117
120
1175
120
81
105
1247
237
1101
263
206
72
119
159
142
225
495
1255
110
89
102
235
237
100
287
1312
1376
116
84
94
87
90
122
105
74
1272
127
73
114
1090
284
373
787
1440
169
266
88
102
123
1295
109
1490
127
684
111
169
1171
82
415
651
160
1489
200
126
1096
212
1158
73
110
88
83
75
1455
1317
254
1030
1294
309
196
217
123
93
1216
212
1190
126
119
1236
80
119
128
1050
434
90
635
109
1478
1319
100
93
117
1430
113
80
1201
89
91
297
1206
1496
423
79
938
1168
172
382
1218
73
128
325
103
113
96
117
1273
1338
322
142
210
181
1497
132
451
116
1128
164
243
75
78
141
282
1079
178
1000
91
127
86
123
100
78
91
125
1046
136
1356
1217
1037
77
248
869
1459
1091
233
297
126
330
486
115
454
368
111
196
83
138
1212
432
1342
78
113
969
147
444
96
1258
94
165
206
85
144
84
768
1159
1307
343
438
1073
111
901
903
75
120
107
1373
114
107
1496
83
120
254
103
224
971
225
88
1284
1485
377
97
240
71
101
785
616
114
95
71
80
125
127
220
70
1086
79
91
481
101
119
83
270
1399
226
120
87
1308
1083
1476
945
233
1262
112
1330
376
441
117
420
104
77
85
1255
1470
274
102
814
1101
250
1122
165
305
117
156
429
612
155
222
407
75
121
158
220
166
220
96
194
98
91
118
211
106
540
459
80
118
260
125
109
226
82
112
223
100
244
1217
1115
100
78
74
86
830
1068
178
103
118
127
94
1369
86
81
1437
79
1201
75
126
265
122
110
98
490
1463
1378
166
106
120
81
910
111
505
289
82
106
1493
156
107
428
85
477
356
879
1374
697
86
71
70
1145
96
112
364
100
124
87
115
124
112
849
1463
1196
135
152
102
115
89
247
284
166
1029
70
178
70
136
715
482
1277
1349
99
423
493
1128
180
156
108
94
217
499
114
1304
348
118
1270
469
142
119
76
337
381
126
118
192
1347
139
1458
214
128
1342
1229
318
1383
88
153
421
1073
503
291
75
116
151
123
200
122
234
1406
1267
214
152
1055
96
1438
80
114
100
458
226
431
84
73
252
277
1212
146
108
169
84
205
106
89
1457
75
207
1463
1005
1090
80
104
95
501
652
105
113
93
286
88
117
119
83
253
1164
132
626
242
864
1406
88
81
1336
72
1160
867
1216
648
1080
72
692
95
103
267
500
162
103
1078
169
977
91
107
543
123
77
379
1138
428
73
75
1095
115
884
275
1358
264
601
122
112
73
127
102
298
1078
899
101
238
1345
129
92
94
109
1165
116
209
371
102
118
119
111
229
1232
91
97
476
116
87
233
87
1163
1455
1248
1231
79
1367
218
399
344
119
1267
92
1237
124
97
126
203
113
680
442
117
230
121
220
90
111
95
77
247
118
291
817
1276
195
236
125
115
235
360
173
1245
1436
163
1376
130
161
1003
80
113
147
1395
115
254
102
87
292
994
1326
1081
1012
103
131
1190
96
94
461
1473
1216
95
249
440
164
205
236
121
140
1167
112
127
1110
97
93
1081
500
88
109
229
101
1318
204
78
100
173
78
229
964
96
103
177
99
644
126
969
397
1313
327
205
892
111
357
1213
110
82
120
106
95
1278
100
73
124
126
195
593
76
727
135
90
918
233
432
147
97
95
144
99
220
217
467
218
74
116
218
169
116
1479
90
119
233
405
1248
80
113
412
117
1263
165
253
104
125
86
1344
85
111
116
713
153
99
119
75
77
1151
100
113
154
1483
95
233
94
101
289
154
101
1422
1378
252
144
120
95
71
249
112
83
141
70
1291
254
1043
127
281
1209
99
209
257
72
926
114
1413
158
125
231
217
81
87
72
91
153
485
70
102
117
1129
1196
1199
1335
72
264
211
454
542
117
125
445
1190
360
96
979
106
94
1180
102
106
420
156
1230
109
118
92
1238
129
91
493
484
80
126
95
453
127
251
182
443
76
1286
107
1053
209
1378
113
94
1084
112
646
1076
87
84
127
138
77
82
529
90
1167
213
73
120
1192
1383
461
225
120
125
447
1027
117
88
1440
83
1091
902
81
125
166
79
98
1033
752
123
163
129
138
107
1254
327
115
105
235
1301
111
87
1051
510
397
177
96
1001
1203
337
239
111
109
1224
493
342
120
144
1077
1484
362
1082
131
120
461
85
78
1339
77
84
857
109
1304
246
97
1376
282
1232
125
115
97
464
124
109
205
81
203
1478
111
123
1202
337
454
90
633
1168
93
1077
421
1337
74
105
1496
117
1195
716
501
89
187
142
121
1404
97
385
70
1297
209
1324
596
87
74
125
1105
105
76
888
305
1155
147
1025
291
268
1483
82
353
152
124
954
602
79
170
1098
1034
123
229
75
224
198
77
119
74
1016
102
121
134
91
74
82
423
74
837
1442
493
112
1144
81
117
111
105
107
83
1239
472
101
121
131
97
294
1002
100
197
301
338
116
1397
153
82
569
88
83
169
73
1158
79
1367
1042
158
109
1087
1213
167
228
110
186
139
164
112
83
1090
98
326
564
285
349
104
110
1178
185
395
1258
361
133
121
126
123
119
241
1447
88
98
1340
363
202
92
308
1368
122
92
120
253
374
474
81
160
283
84
117
87
1002
73
1056
461
202
76
112
81
101
76
89
1449
288
77
166
83
101
100
304
107
85
77
390
1462
109
158
123
70
1342
250
394
1100
344
121
156
1183
91
1079
82
113
203
94
1190
116
190
230
309
74
344
73
404
1360
154
295
220
205
124
78
282
214
508
152
115
187
88
108
213
494
1280
217
216
1069
99
1267
172
111
925
123
110
500
1314
190
106
93
1277
123
951
377
197
378
121
1270
80
641
95
90
127
105
181
93
71
664
181
112
115
1109
328
1408
107
250
126
1079
94
93
202
230
502
127
158
346
81
113
1172
214
88
421
974
117
159
168
115
70
199
238
391
867
113
91
77
183
116
450
122
101
108
357
239
1403
116
124
196
108
1316
1028
605
104
468
85
107
111
1494
1345
119
151
120
407
951
84
728
72
181
568
1332
80
82
91
101
110
360
83
88
116
183
175
100
645
84
1381
120
81
184
106
169
1033
112
174
90
103
185
89
1480
131
227
208
75
380
1204
291
91
1457
87
1355
115
1480
327
1029
460
74
1435
1471
421
71
404
400
1285
102
301
112
353
70
103
427
1049
1207
96
89
83
173
120
1258
85
362
202
155
112
94
120
125
89
1026
97
105
340
204
124
78
74
244
78
140
724
1268
117
102
635
121
75
894
1356
104
126
91
86
89
1384
747
375
1404
111
1137
96
95
74
178
205
292
310
1091
120
105
117
1460
98
193
82
1095
869
137
92
139
879
100
102
303
103
1020
875
99
930
1118
241
101
82
1014
1448
87
150
74
215
109
92
98
392
246
113
71
108
102
78
316
486
83
93
98
215
78
1489
97
1338
77
205
113
207
121
172
247
825
97
1090
851
115
942
390
440
125
187
325
1273
588
1198
394
190
111
203
200
78
111
1150
201
127
119
73
558
1109
1433
121
727
1413
977
102
1459
489
76
1056
178
135
423
123
932
176
120
113
119
110
97
991
1322
113
314
502
101
1264
1051
1428
125
78
228
1082
102
828
1410
120
202
383
71
119
159
249
104
236
423
220
92
269
173
756
156
127
298
912
508
276
276
165
132
106
819
95
95
132
113
97
966
502
1127
78
472
1470
390
118
347
111
136
95
86
412
81
1177
75
88
235
192
93
194
192
547
890
151
89
106
875
322
257
1374
252
113
121
73
233
83
100
174
1049
146
361
71
233
1351
399
110
100
643
1278
108
107
101
616
1107
412
122
115
171
128
88
388
193
279
998
80
292
80
159
689
85
1293
107
1354
76
1313
225
235
151
85
147
415
103
96
117
366
97
80
165
72
1057
125
931
83
74
127
112
235
195
243
791
118
1422
108
240
273
173
90
1277
1367
231
127
117
233
235
180
99
549
113
102
84
1466
128
793
204
475
77
91
776
127
71
245
1084
127
77
76
506
1092
825
121
83
234
365
147
154
1355
189
115
120
1423
1029
96
861
84
227
233
1106
1137
252
101
89
366
161
181
281
77
1388
172
285
112
1208
129
1006
109
104
107
671
1376
308
244
170
1073
390
70
114
126
576
232
203
79
1049
90
126
361
234
118
120
103
119
1087
144
1239
81
469
99
73
1454
387
70
178
1140
161
228
393
487
474
99
97
1177
1014
486
1114
95
231
106
1085
1216
88
86
366
1342
297
1161
1197
93
114
461
90
127
105
97
81
1322
118
194
226
72
198
71
149
192
1478
205
76
80
97
108
167
81
165
379
1418
83
98
116
75
122
813
159
1179
220
1192
99
1452
1049
235
156
83
78
174
107
1459
75
72
81
1328
85
114
84
99
122
136
70
105
1431
73
80
309
1324
80
639
470
975
145
1230
1120
250
103
89
114
96
106
174
127
332
1119
82
154
1112
1144
1131
143
1426
122
76
1460
76
1283
290
1295
1123
89
84
477
1176
95
105
545
287
153
1111
234
79
333
365
153
106
106
77
166
575
1148
1254
74
1484
211
1339
484
424
180
109
225
78
108
116
498
124
120
109
107
615
95
127
153
175
405
851
92
87
135
126
109
88
547
225
205
128
124
253
122
554
205
390
72
391
267
84
95
473
1181
124
91
573
368
1187
287
225
1287
255
81
178
124
114
373
1177
607
118
272
414
289
111
123
87
172
1439
525
125
1074
75
367
101
90
1401
428
108
1259
78
1128
200
70
112
106
413
1446
1354
303
160
249
819
1164
70
73
121
83
79
92
1266
194
92
177
1351
1028
1202
151
95
217
116
446
107
451
110
108
1398
1136
283
110
82
1471
818
1248
269
1147
85
1304
76
75
673
198
412
1367
804
659
322
85
539
138
94
860
932
611
110
88
1425
956
120
182
147
858
115
195
1315
72
87
143
1285
77
1408
106
1480
136
1190
210
116
164
75
125
98
231
243
108
114
278
256
283
100
119
99
173
116
99
149
788
1447
120
121
75
1129
102
437
1487
100
119
75
501
1399
1266
109
99
73
256
78
120
193
326
91
1385
90
80
170
87
86
351
93
115
100
1175
78
397
134
510
1324
179
913
161
1095
308
718
193
80
498
96
87
1185
72
81
161
79
99
104
215
964
87
84
81
435
83
127
98
162
491
100
828
81
75
1430
507
171
146
1187
104
78
155
250
321
229
148
76
414
75
75
90
71
210
98
1283
102
1409
121
72
849
109
101
631
253
960
238
1067
104
1363
1464
762
74
77
127
1155
79
246
443
306
91
230
84
623
80
123
99
251
73
911
116
1139
92
462
1345
76
114
82
95
1265
626
93
112
94
125
201
929
1150
218
1324
118
141
180
918
72
211
79
82
82
1453
104
199
1446
1114
72
809
184
189
349
264
161
1225
171
142
774
73
654
80
1249
123
111
87
95
670
1155
119
214
189
1463
311
78
805
93
1041
398
157
264
118
73
127
406
1405
1026
860
112
112
853
113
143
1290
1407
108
1156
1323
105
375
182
438
1147
337
122
80
839
418
103
104
92
177
331
192
100
229
216
1166
1169
95
117
160
1137
358
532
1055
149
222
263
1440
376
1420
379
79
550
107
88
98
210
173
1322
79
115
115
211
71
121
124
1449
95
125
194
222
200
499
126
161
109
94
118
1109
1495
97
166
89
93
117
79
173
101
164
162
92
83
116
141
368
1100
1186
1280
212
414
124
124
114
192
1475
1135
158
1283
1498
1067
95
85
75
121
91
254
107
118
1093
1262
97
103
1392
1343
129
1121
1280
223
156
121
703
1050
974
1133
99
732
80
108
100
1127
72
183
78
411
1397
250
1490
102
1317
115
145
1212
1195
1339
250
1201
1136
1149
252
507
1122
123
162
78
79
107
106
481
127
204
121
106
76
154
104
78
87
1251
341
1381
79
107
77
228
443
217
423
1084
295
97
123
239
1275
1127
450
147
244
82
915
215
271
373
180
105
125
1331
593
1443
444
1190
85
1471
90
103
293
1168
112
1495
231
186
402
155
337
140
1456
1353
235
1359
1275
138
863
122
103
90
229
248
275
228
311
1198
1051
194
677
401
118
109
104
108
561
231
88
102
705
101
104
155
1296
128
113
1387
152
244
471
489
76
224
151
422
235
1463
73
102
127
341
805
113
89
95
119
102
1400
1102
115
1140
172
1097
122
70
1042
82
71
897
121
225
98
114
298
1442
1058
122
104
80
100
95
117
122
124
1429
264
78
230
326
145
1194
122
242
253
1472
113
118
538
289
1158
72
837
1383
232
1087
506
115
1330
104
228
248
225
951
611
116
118
81
97
80
1026
216
71
93
99
84
72
127
294
1060
82
1111
74
121
77
102
1377
465
72
84
106
123
211
229
120
118
110
972
350
1306
126
1152
118
75
204
122
72
186
122
1299
113
87
304
72
177
1498
264
82
1278
1171
214
71
920
109
1159
221
690
235
94
125
82
680
114
180
70
1079
119
124
83
238
99
196
203
327
158
93
101
214
251
173
115
94
356
196
781
87
1423
425
1378
434
80
502
87
806
1033
715
99
115
84
124
894
238
89
79
941
317
76
71
100
100
163
190
472
76
350
120
541
138
528
112
207
767
304
113
1277
94
84
74
1165
159
116
218
115
86
190
100
440
102
88
191
1045
81
80
300
133
91
117
1477
466
78
193
124
82
92
539
1344
131
112
1052
705
429
77
106
219
162
1081
498
491
93
72
116
1092
81
102
727
88
81
302
1480
513
79
71
319
114
254
112
84
1010
1142
217
160
97
229
1252
346
79
70
118
385
116
1127
117
80
73
503
125
112
1453
556
122
171
1113
110
215
1200
374
1023
155
99
1451
83
1436
1239
78
83
1093
102
217
84
1423
150
197
429
85
74
91
77
889
155
122
118
436
121
140
341
128
76
71
81
101
187
1254
1485
309
114
264
1258
416
1460
102
179
1238
1096
98
96
1485
87
112
87
350
213
127
118
131
229
105
120
809
444
76
188
1291
114
139
576
422
88
181
1412
490
124
1194
97
132
99
179
83
84
131
1431
289
444
137
324
72
105
80
96
312
1203
73
70
379
1390
71
515
133
447
311
116
223
72
90
96
238
105
429
77
118
99
74
87
109
428
489
390
169
118
482
133
387
176
186
205
1395
106
76
121
1155
114
103
1351
118
1170
81
224
448
386
204
114
93
344
438
110
273
108
115
288
79
927
168
74
140
764
191
1491
120
859
106
86
117
107
1059
1495
194
176
255
104
89
1310
73
200
84
91
159
1145
187
73
97
92
105
94
90
1347
80
120
112
175
133
159
804
74
81
95
433
73
81
296
133
1235
80
1178
71
518
120
986
1488
247
485
239
110
94
477
88
134
136
94
121
659
93
235
1496
1150
1030
89
132
82
102
416
412
248
245
359
91
234
79
220
108
178
1255
534
95
127
144
82
107
162
103
91
978
98
118
1262
95
179
244
113
101
810
126
104
210
1327
784
111
393
96
326
84
1198
408
102
114
100
119
1024
1386
94
119
197
94
181
131
115
126
1091
101
1006
424
88
120
245
88
98
420
1170
232
98
119
878
1317
168
82
1401
111
85
106
201
86
82
126
90
100
81
704
196
416
115
88
182
105
81
103
1272
772
106
126
888
1053
124
1211
414
225
147
720
89
105
246
240
197
1183
440
1095
121
132
705
1142
116
439
108
925
263
1417
162
623
132
202
956
106
430
232
137
246
131
238
303
1478
713
86
347
1254
125
70
223
226
192
1366
1239
111
802
95
1320
110
301
77
686
759
475
90
201
1453
116
189
355
75
1031
112
612
80
134
899
1341
120
95
103
96
368
75
103
104
115
1419
563
70
123
118
108
333
431
1450
100
84
376
98
91
75
148
113
75
87
202
1412
453
105
214
97
77
78
239
91
1360
86
430
1199
451
96
71
593
121
98
1212
280
604
1086
1209
1135
82
77
1223
760
107
83
1040
373
128
91
1081
168
114
137
90
92
1193
125
300
577
1144
409
104
87
115
121
1401
173
195
1459
513
122
309
333
248
88
355
79
305
429
235
1396
96
116
1246
430
112
832
195
1374
120
232
106
238
210
87
92
131
90
111
300
174
89
1300
1423
1392
116
204
98
116
80
970
99
472
496
1054
142
91
92
70
102
904
554
243
127
242
113
472
141
249
179
121
75
153
89
404
105
180
791
82
87
1211
123
1222
123
1043
120
93
1203
118
121
174
87
105
169
87
108
1363
112
447
511
122
660
1421
1150
1235
107
86
119
177
112
92
80
499
796
197
86
323
171
115
111
112
382
76
92
255
128
928
121
1082
123
80
78
87
122
153
1234
76
80
125
1099
141
337
104
904
220
102
224
510
259
82
1337
96
181
85
206
107
134
100
110
94
124
1038
960
211
94
101
1063
104
124
99
82
1431
783
415
322
1331
84
78
121
118
85
863
386
102
166
113
413
74
1279
367
1110
188
126
150
668
937
330
479
106
120
434
82
195
325
422
273
411
184
1281
85
87
281
91
460
182
172
296
96
145
183
351
275
109
468
120
264
357
106
1496
309
194
71
